1.7748E-04	8.0003E-04
1.5032E-04	8.2697E-04
1.2244E-04	8.5215E-04
9.3505E-05	8.7656E-04
6.3435E-05	8.9899E-04
3.2187E-05	9.1938E-04
2.0280E-04	8.3958E-04
1.7323E-04	8.7232E-04
1.4201E-04	9.0286E-04
1.0889E-04	9.3066E-04
7.3463E-05	9.5503E-04
3.5865E-05	9.7500E-04
2.2797E-04	8.7840E-04
1.9600E-04	9.1698E-04
1.6150E-04	9.5242E-04
1.2401E-04	9.8408E-04
8.3499E-05	1.0104E-03
3.9577E-05	1.0303E-03
2.5354E-04	9.1678E-04
2.1923E-04	9.6139E-04
1.8150E-04	1.0020E-03
1.3977E-04	1.0376E-03
9.3871E-05	1.0665E-03
4.3451E-05	1.0866E-03
4.5362E-05	1.1153E-03
1.6897E-05	1.0923E-03
1.7196E-05	1.1204E-03
4.1440E-05	1.0582E-03
1.6553E-05	1.0374E-03
1.6719E-05	1.0649E-03
3.7623E-05	1.0026E-03
1.6289E-05	9.8283E-04
1.6485E-05	1.0101E-03
3.4049E-05	9.4740E-04
1.6144E-05	9.2841E-04
1.6201E-05	9.5563E-04
3.0100E-05	8.9081E-04
1.5959E-05	9.0057E-04
9.9106E-05	1.0950E-03
6.9109E-05	1.0778E-03
7.3000E-05	1.1067E-03
8.8519E-05	1.0383E-03
6.1945E-05	1.0212E-03
6.5454E-05	1.0494E-03
7.8380E-05	9.8278E-04
5.4903E-05	9.6568E-04
5.8306E-05	9.9359E-04
6.8534E-05	9.2709E-04
4.7967E-05	9.0953E-04
5.1512E-05	9.3789E-04
5.8190E-05	8.7059E-04
4.4206E-05	8.8075E-04
1.4824E-04	1.0645E-03
1.1719E-04	1.0531E-03
1.2450E-04	1.0807E-03
1.3171E-04	1.0109E-03
1.0403E-04	9.9809E-04
1.1062E-04	1.0254E-03
1.1638E-04	9.5752E-04
9.1406E-05	9.4344E-04
9.7661E-05	9.7085E-04
1.0128E-04	9.0363E-04
7.8619E-05	8.8799E-04
8.5090E-05	9.1600E-04
8.5599E-05	8.4901E-04
7.1932E-05	8.5973E-04
1.9215E-04	1.0265E-03
1.6105E-04	1.0206E-03
1.7091E-04	1.0462E-03
1.7135E-04	9.7728E-04
1.4303E-04	9.6892E-04
1.5187E-04	9.9484E-04
1.5173E-04	9.2777E-04
1.2573E-04	9.1705E-04
1.3429E-04	9.4322E-04
1.3222E-04	8.7776E-04
1.0808E-04	8.6470E-04
1.1694E-04	8.9116E-04
1.1244E-04	8.2641E-04
9.9074E-05	8.3795E-04
2.3145E-04	9.8319E-04
2.0076E-04	9.8228E-04
2.1236E-04	1.0054E-03
2.0749E-04	9.3932E-04
1.7899E-04	9.3526E-04
1.8972E-04	9.5893E-04
1.8460E-04	8.9480E-04
1.5777E-04	8.8801E-04
1.6837E-04	9.1180E-04
1.6182E-04	8.4995E-04
1.3648E-04	8.3968E-04
1.4715E-04	8.6421E-04
1.3874E-04	8.0367E-04
1.2565E-04	8.1516E-04
2.6658E-04	9.3596E-04
2.3670E-04	9.3968E-04
2.4948E-04	9.6002E-04
2.4059E-04	8.9781E-04
2.1220E-04	8.9825E-04
2.2433E-04	9.1911E-04
2.1539E-04	8.5912E-04
1.8816E-04	8.5643E-04
2.0018E-04	8.7746E-04
1.9021E-04	8.1987E-04
1.6399E-04	8.1366E-04
1.7613E-04	8.3531E-04
1.6468E-04	7.7983E-04
1.5174E-04	7.9171E-04
2.6948E-04	8.9332E-04
2.8270E-04	9.1121E-04
2.4308E-04	8.5802E-04
2.5621E-04	8.7573E-04
2.1698E-04	8.2214E-04
2.3003E-04	8.4017E-04
1.9073E-04	7.8597E-04
2.0391E-04	8.0400E-04
1.7750E-04	7.6759E-04
3.0753E-04	4.5691E-05
3.0306E-04	9.1383E-05
2.9835E-04	1.3707E-04
2.9340E-04	1.8273E-04
2.8820E-04	2.2838E-04
2.8278E-04	2.7400E-04
2.7711E-04	3.1958E-04
2.7117E-04	3.6513E-04
2.6498E-04	4.1063E-04
2.5851E-04	4.5607E-04
2.5176E-04	5.0144E-04
2.4470E-04	5.4674E-04
2.3750E-04	5.9182E-04
2.2978E-04	6.3688E-04
2.2168E-04	6.8180E-04
2.1313E-04	7.2645E-04
3.5615E-04	4.7944E-05
3.5234E-04	9.5890E-05
3.4808E-04	1.4382E-04
3.4332E-04	1.9171E-04
3.3808E-04	2.3956E-04
3.3237E-04	2.8736E-04
3.2618E-04	3.3510E-04
3.1945E-04	3.8275E-04
3.1221E-04	4.3031E-04
3.0442E-04	4.7776E-04
2.9605E-04	5.2507E-04
2.8707E-04	5.7222E-04
2.7760E-04	6.1909E-04
2.6725E-04	6.6575E-04
2.5614E-04	7.1208E-04
2.4402E-04	7.5807E-04
4.0477E-04	5.0197E-05
4.0163E-04	1.0040E-04
3.9781E-04	1.5057E-04
3.9324E-04	2.0069E-04
3.8795E-04	2.5075E-04
3.8196E-04	3.0073E-04
3.7524E-04	3.5061E-04
3.6773E-04	4.0037E-04
3.5943E-04	4.4999E-04
3.5032E-04	4.9944E-04
3.4035E-04	5.4869E-04
3.2945E-04	5.9770E-04
3.1745E-04	6.4637E-04
3.0447E-04	6.9471E-04
2.9051E-04	7.4244E-04
2.7501E-04	7.8974E-04
4.5339E-04	5.2450E-05
4.5092E-04	1.0490E-04
4.4754E-04	1.5732E-04
4.4316E-04	2.0967E-04
4.3783E-04	2.6193E-04
4.3155E-04	3.1409E-04
4.2431E-04	3.6613E-04
4.1600E-04	4.1799E-04
4.0666E-04	4.6967E-04
3.9623E-04	5.2113E-04
3.8465E-04	5.7232E-04
3.7183E-04	6.2317E-04
3.5755E-04	6.7360E-04
3.4194E-04	7.2357E-04
3.2474E-04	7.7294E-04
3.0577E-04	8.2157E-04
3.2127E-04	8.3739E-04
2.9558E-04	8.4538E-04
3.1013E-04	8.6149E-04
2.9041E-04	8.0552E-04
2.6655E-04	8.1320E-04
2.8111E-04	8.2934E-04
2.5947E-04	7.7394E-04
2.3747E-04	7.8098E-04
2.5202E-04	7.9710E-04
2.2864E-04	7.4234E-04
2.0867E-04	7.4879E-04
2.2304E-04	7.6499E-04
1.9766E-04	7.1063E-04
1.9398E-04	7.3271E-04
3.4198E-04	7.8812E-04
3.1553E-04	7.9725E-04
3.3194E-04	8.1278E-04
3.0751E-04	7.5777E-04
2.8289E-04	7.6624E-04
2.9916E-04	7.8174E-04
2.7328E-04	7.2732E-04
2.5034E-04	7.3508E-04
2.6671E-04	7.5064E-04
2.3904E-04	6.9689E-04
2.1753E-04	7.0408E-04
2.3393E-04	7.1962E-04
2.0441E-04	6.6666E-04
2.0097E-04	6.8871E-04
3.6068E-04	7.3800E-04
3.3365E-04	7.4830E-04
3.5163E-04	7.6309E-04
3.2320E-04	7.0914E-04
2.9767E-04	7.1863E-04
3.1561E-04	7.3345E-04
2.8573E-04	6.8028E-04
2.6186E-04	6.8889E-04
2.7963E-04	7.0385E-04
2.4852E-04	6.5134E-04
2.2583E-04	6.5938E-04
2.4398E-04	6.7410E-04
2.1098E-04	6.2246E-04
2.0768E-04	6.4453E-04
3.7760E-04	6.8721E-04
3.4975E-04	6.9858E-04
3.6942E-04	7.1264E-04
3.3750E-04	6.5998E-04
3.1096E-04	6.7054E-04
3.3035E-04	6.8456E-04
2.9741E-04	6.3276E-04
2.7241E-04	6.4245E-04
2.9157E-04	6.5652E-04
2.5756E-04	6.0546E-04
2.3365E-04	6.1434E-04
2.5314E-04	6.2844E-04
2.1747E-04	5.7826E-04
2.1427E-04	6.0038E-04
3.9302E-04	6.3591E-04
3.6469E-04	6.4839E-04
3.8531E-04	6.6156E-04
3.5064E-04	6.1044E-04
3.2345E-04	6.2203E-04
3.4407E-04	6.3521E-04
3.0826E-04	5.8496E-04
2.8251E-04	5.9564E-04
3.0312E-04	6.0886E-04
2.6588E-04	5.5948E-04
2.4124E-04	5.6924E-04
2.6189E-04	5.8245E-04
2.2351E-04	5.3400E-04
2.2063E-04	5.5612E-04
4.0679E-04	5.8413E-04
3.7824E-04	5.9774E-04
3.9991E-04	6.1002E-04
3.6250E-04	5.6050E-04
3.3490E-04	5.7319E-04
3.5657E-04	5.8547E-04
3.1820E-04	5.3688E-04
2.9156E-04	5.4864E-04
3.1323E-04	5.6092E-04
2.7391E-04	5.1326E-04
2.4823E-04	5.2409E-04
2.6990E-04	5.3637E-04
2.2961E-04	4.8963E-04
2.2656E-04	5.1182E-04
4.1918E-04	5.3197E-04
3.9044E-04	5.4672E-04
4.1299E-04	5.5805E-04
3.7328E-04	5.1029E-04
3.4534E-04	5.2407E-04
3.6789E-04	5.3539E-04
3.2737E-04	4.8860E-04
3.0024E-04	5.0141E-04
3.2279E-04	5.1274E-04
2.8147E-04	4.6691E-04
2.5514E-04	4.7876E-04
2.7769E-04	4.9008E-04
2.3556E-04	4.4523E-04
2.3259E-04	4.6743E-04
4.3027E-04	4.7952E-04
4.0144E-04	4.9540E-04
4.2473E-04	5.0574E-04
3.8305E-04	4.5983E-04
3.5488E-04	4.7472E-04
3.7816E-04	4.8506E-04
3.3582E-04	4.4015E-04
3.0831E-04	4.5403E-04
3.3160E-04	4.6438E-04
2.8859E-04	4.2047E-04
2.6175E-04	4.3335E-04
2.8503E-04	4.4369E-04
2.4137E-04	4.0079E-04
2.3846E-04	4.2301E-04
4.4014E-04	4.2681E-04
4.1133E-04	4.4383E-04
4.3521E-04	4.5316E-04
3.9187E-04	4.0918E-04
3.6358E-04	4.2518E-04
3.8746E-04	4.3451E-04
3.4359E-04	3.9156E-04
3.1583E-04	4.0653E-04
3.3970E-04	4.1586E-04
2.9531E-04	3.7394E-04
2.6808E-04	3.8788E-04
2.9195E-04	3.9720E-04
2.4704E-04	3.5632E-04
2.4420E-04	3.7855E-04
4.4884E-04	3.7388E-04
4.2016E-04	3.9206E-04
4.4449E-04	4.0034E-04
3.9978E-04	3.5837E-04
3.7149E-04	3.7549E-04
3.9582E-04	3.8378E-04
3.5071E-04	3.4285E-04
3.2281E-04	3.5892E-04
3.4715E-04	3.6721E-04
3.0164E-04	3.2734E-04
2.7414E-04	3.4236E-04
2.9848E-04	3.5064E-04
2.5258E-04	3.1183E-04
2.4981E-04	3.3407E-04
4.5635E-04	3.2077E-04
4.2793E-04	3.4011E-04
4.5260E-04	3.4733E-04
4.0676E-04	3.0741E-04
3.7860E-04	3.2567E-04
4.0327E-04	3.3289E-04
3.5716E-04	2.9404E-04
3.2927E-04	3.1123E-04
3.5394E-04	3.1845E-04
3.0757E-04	2.8068E-04
2.7994E-04	2.9679E-04
3.0461E-04	3.0401E-04
2.5798E-04	2.6731E-04
2.5528E-04	2.8957E-04
4.6276E-04	2.6752E-04
4.3469E-04	2.8801E-04
4.5955E-04	2.9415E-04
4.1289E-04	2.5634E-04
3.8496E-04	2.7574E-04
4.0982E-04	2.8187E-04
3.6302E-04	2.4515E-04
3.3522E-04	2.6346E-04
3.6009E-04	2.6960E-04
3.1314E-04	2.3397E-04
2.8549E-04	2.5119E-04
3.1036E-04	2.5732E-04
2.6327E-04	2.2278E-04
2.6063E-04	2.4505E-04
4.6812E-04	2.1415E-04
4.4049E-04	2.3580E-04
4.6544E-04	2.4084E-04
4.1820E-04	2.0518E-04
3.9059E-04	2.2572E-04
4.1554E-04	2.3076E-04
3.6828E-04	1.9620E-04
3.4070E-04	2.1564E-04
3.6565E-04	2.2068E-04
3.1836E-04	1.8722E-04
2.9080E-04	2.0555E-04
3.1575E-04	2.1059E-04
2.6844E-04	1.7824E-04
2.6585E-04	2.0051E-04
4.7240E-04	1.6069E-04
4.4535E-04	1.8349E-04
4.7026E-04	1.8742E-04
4.2267E-04	1.5394E-04
3.9552E-04	1.7563E-04
4.2043E-04	1.7956E-04
3.7294E-04	1.4719E-04
3.4570E-04	1.6776E-04
3.7061E-04	1.7169E-04
3.2321E-04	1.4044E-04
2.9587E-04	1.5990E-04
3.2079E-04	1.6383E-04
2.7349E-04	1.3369E-04
2.7096E-04	1.5597E-04
4.7557E-04	1.0716E-04
4.4923E-04	1.3111E-04
4.7398E-04	1.3392E-04
4.2628E-04	1.0265E-04
3.9972E-04	1.2548E-04
4.2447E-04	1.2830E-04
3.7699E-04	9.8143E-05
3.5021E-04	1.1985E-04
3.7497E-04	1.2267E-04
3.2770E-04	9.3636E-05
3.0070E-04	1.1422E-04
3.2546E-04	1.1704E-04
2.7841E-04	8.9130E-05
2.7595E-04	1.1141E-04
4.7770E-04	5.3577E-05
4.5216E-04	7.8677E-05
4.7664E-04	8.0366E-05
4.2908E-04	5.1324E-05
4.0320E-04	7.5297E-05
4.2768E-04	7.6987E-05
3.8046E-04	4.9071E-05
3.5425E-04	7.1917E-05
3.7873E-04	7.3607E-05
3.3184E-04	4.6818E-05
3.0529E-04	6.8537E-05
3.2977E-04	7.0227E-05
2.8322E-04	4.4565E-05
2.8082E-04	6.6847E-05
4.5417E-04	2.6225E-05
4.7825E-04	2.6788E-05
4.0600E-04	2.5099E-05
4.3008E-04	2.5662E-05
3.5782E-04	2.3972E-05
3.8191E-04	2.4535E-05
3.0965E-04	2.2846E-05
3.3374E-04	2.3409E-05
2.8557E-04	2.2282E-05
2.1313E-04	-7.2647E-04
2.2184E-04	-6.8172E-04
2.2974E-04	-6.3686E-04
2.3749E-04	-5.9183E-04
2.4469E-04	-5.4674E-04
2.5176E-04	-5.0145E-04
2.5851E-04	-4.5608E-04
2.6498E-04	-4.1063E-04
2.7117E-04	-3.6513E-04
2.7711E-04	-3.1959E-04
2.8278E-04	-2.7400E-04
2.8820E-04	-2.2838E-04
2.9340E-04	-1.8274E-04
2.9835E-04	-1.3707E-04
3.0305E-04	-9.1389E-05
3.0753E-04	-4.5697E-05
2.4402E-04	-7.5808E-04
2.5627E-04	-7.1205E-04
2.6725E-04	-6.6575E-04
2.7736E-04	-6.1916E-04
2.8707E-04	-5.7223E-04
2.9605E-04	-5.2508E-04
3.0442E-04	-4.7777E-04
3.1220E-04	-4.3032E-04
3.1945E-04	-3.8276E-04
3.2617E-04	-3.3511E-04
3.3237E-04	-2.8737E-04
3.3808E-04	-2.3957E-04
3.4332E-04	-1.9172E-04
3.4808E-04	-1.4383E-04
3.5234E-04	-9.5902E-05
3.5615E-04	-4.7956E-05
2.7501E-04	-7.8978E-04
2.9051E-04	-7.4247E-04
3.0446E-04	-6.9473E-04
3.1745E-04	-6.4639E-04
3.2945E-04	-5.9771E-04
3.4035E-04	-5.4871E-04
3.5032E-04	-4.9946E-04
3.5943E-04	-4.5001E-04
3.6772E-04	-4.0039E-04
3.7524E-04	-3.5063E-04
3.8196E-04	-3.0074E-04
3.8795E-04	-2.5076E-04
3.9324E-04	-2.0071E-04
3.9781E-04	-1.5058E-04
4.0163E-04	-1.0041E-04
4.0477E-04	-5.0215E-05
3.0591E-04	-8.2137E-04
3.2474E-04	-7.7297E-04
3.4194E-04	-7.2359E-04
3.5754E-04	-6.7362E-04
3.7182E-04	-6.2320E-04
3.8464E-04	-5.7234E-04
3.9622E-04	-5.2115E-04
4.0665E-04	-4.6970E-04
4.1600E-04	-4.1802E-04
4.2431E-04	-3.6615E-04
4.3155E-04	-3.1412E-04
4.3782E-04	-2.6195E-04
4.4316E-04	-2.0969E-04
4.4753E-04	-1.5734E-04
4.5092E-04	-1.0493E-04
4.5339E-04	-5.2474E-05
4.7770E-04	-5.3604E-05
4.5417E-04	-2.6237E-05
4.7825E-04	-2.6802E-05
4.2908E-04	-5.1345E-05
4.0600E-04	-2.5108E-05
4.3008E-04	-2.5672E-05
3.8046E-04	-4.9086E-05
3.5782E-04	-2.3978E-05
3.8191E-04	-2.4543E-05
3.3184E-04	-4.6827E-05
3.0965E-04	-2.2849E-05
3.3374E-04	-2.3413E-05
2.8322E-04	-4.4568E-05
2.8557E-04	-2.2284E-05
4.7557E-04	-1.0718E-04
4.5216E-04	-7.8701E-05
4.7664E-04	-8.0394E-05
4.2628E-04	-1.0267E-04
4.0320E-04	-7.5315E-05
4.2768E-04	-7.7008E-05
3.7699E-04	-9.8158E-05
3.5425E-04	-7.1929E-05
3.7873E-04	-7.3622E-05
3.2770E-04	-9.3646E-05
3.0529E-04	-6.8543E-05
3.2977E-04	-7.0236E-05
2.7841E-04	-8.9133E-05
2.8082E-04	-6.6850E-05
4.7240E-04	-1.6072E-04
4.4923E-04	-1.3113E-04
4.7398E-04	-1.3395E-04
4.2267E-04	-1.5396E-04
3.9972E-04	-1.2550E-04
4.2447E-04	-1.2832E-04
3.7294E-04	-1.4721E-04
3.5021E-04	-1.1986E-04
3.7496E-04	-1.2268E-04
3.2321E-04	-1.4045E-04
3.0070E-04	-1.1423E-04
3.2546E-04	-1.1705E-04
2.7348E-04	-1.3369E-04
2.7595E-04	-1.1141E-04
4.6811E-04	-2.1418E-04
4.4534E-04	-1.8352E-04
4.7026E-04	-1.8745E-04
4.1820E-04	-2.0520E-04
3.9552E-04	-1.7564E-04
4.2043E-04	-1.7958E-04
3.6828E-04	-1.9621E-04
3.4570E-04	-1.6777E-04
3.7061E-04	-1.7171E-04
3.1836E-04	-1.8723E-04
2.9587E-04	-1.5990E-04
3.2078E-04	-1.6384E-04
2.6844E-04	-1.7825E-04
2.7096E-04	-1.5597E-04
4.6276E-04	-2.6755E-04
4.4049E-04	-2.3582E-04
4.6544E-04	-2.4087E-04
4.1289E-04	-2.5636E-04
3.9059E-04	-2.2573E-04
4.1554E-04	-2.3078E-04
3.6301E-04	-2.4517E-04
3.4070E-04	-2.1565E-04
3.6564E-04	-2.2069E-04
3.1314E-04	-2.3398E-04
2.9080E-04	-2.0556E-04
3.1575E-04	-2.1060E-04
2.6327E-04	-2.2279E-04
2.6585E-04	-2.0052E-04
4.5634E-04	-3.2080E-04
4.3469E-04	-2.8804E-04
4.5955E-04	-2.9418E-04
4.0675E-04	-3.0743E-04
3.8495E-04	-2.7575E-04
4.0982E-04	-2.8189E-04
3.5716E-04	-2.9406E-04
3.3522E-04	-2.6347E-04
3.6009E-04	-2.6961E-04
3.0757E-04	-2.8069E-04
2.8549E-04	-2.5119E-04
3.1036E-04	-2.5733E-04
2.5798E-04	-2.6732E-04
2.6062E-04	-2.4505E-04
4.4884E-04	-3.7391E-04
4.2793E-04	-3.4013E-04
4.5259E-04	-3.4736E-04
3.9977E-04	-3.5839E-04
3.7860E-04	-3.2569E-04
4.0326E-04	-3.3291E-04
3.5071E-04	-3.4287E-04
3.2927E-04	-3.1124E-04
3.5393E-04	-3.1846E-04
3.0164E-04	-3.2735E-04
2.7994E-04	-2.9679E-04
3.0461E-04	-3.0402E-04
2.5257E-04	-3.1183E-04
2.5528E-04	-2.8957E-04
4.4014E-04	-4.2683E-04
4.2015E-04	-3.9208E-04
4.4449E-04	-4.0037E-04
3.9186E-04	-4.0920E-04
3.7148E-04	-3.7551E-04
3.9582E-04	-3.8380E-04
3.4359E-04	-3.9158E-04
3.2281E-04	-3.5894E-04
3.4715E-04	-3.6722E-04
2.9531E-04	-3.7395E-04
2.7414E-04	-3.4236E-04
2.9848E-04	-3.5065E-04
2.4703E-04	-3.5632E-04
2.4980E-04	-3.3407E-04
4.3027E-04	-4.7954E-04
4.1133E-04	-4.4386E-04
4.3520E-04	-4.5319E-04
3.8304E-04	-4.5985E-04
3.6358E-04	-4.2520E-04
3.8745E-04	-4.3453E-04
3.3582E-04	-4.4017E-04
3.1583E-04	-4.0654E-04
3.3970E-04	-4.1587E-04
2.8859E-04	-4.2048E-04
2.6808E-04	-3.8788E-04
2.9195E-04	-3.9721E-04
2.4137E-04	-4.0079E-04
2.4420E-04	-3.7855E-04
4.1918E-04	-5.3200E-04
4.0144E-04	-4.9543E-04
4.2472E-04	-5.0577E-04
3.7327E-04	-5.1031E-04
3.5487E-04	-4.7474E-04
3.7816E-04	-4.8508E-04
3.2737E-04	-4.8861E-04
3.0831E-04	-4.5404E-04
3.3159E-04	-4.6439E-04
2.8146E-04	-4.6692E-04
2.6174E-04	-4.3335E-04
2.8503E-04	-4.4370E-04
2.3556E-04	-4.4523E-04
2.3846E-04	-4.2301E-04
4.0679E-04	-5.8415E-04
3.9043E-04	-5.4675E-04
4.1298E-04	-5.5808E-04
3.6249E-04	-5.6052E-04
3.4533E-04	-5.2408E-04
3.6788E-04	-5.3542E-04
3.1820E-04	-5.3689E-04
3.0023E-04	-5.0142E-04
3.2278E-04	-5.1275E-04
2.7390E-04	-5.1326E-04
2.5513E-04	-4.7876E-04
2.7768E-04	-4.9009E-04
2.2961E-04	-4.8964E-04
2.3258E-04	-4.6743E-04
3.9301E-04	-6.3594E-04
3.7823E-04	-5.9777E-04
3.9990E-04	-6.1005E-04
3.5063E-04	-6.1046E-04
3.3490E-04	-5.7321E-04
3.5656E-04	-5.8549E-04
3.0826E-04	-5.8497E-04
2.9156E-04	-5.4865E-04
3.1323E-04	-5.6093E-04
2.6588E-04	-5.5949E-04
2.4823E-04	-5.2410E-04
2.6989E-04	-5.3638E-04
2.2351E-04	-5.3400E-04
2.2656E-04	-5.1182E-04
3.7759E-04	-6.8723E-04
3.6468E-04	-6.4841E-04
3.8530E-04	-6.6159E-04
3.3750E-04	-6.6000E-04
3.2345E-04	-6.2205E-04
3.4406E-04	-6.3523E-04
2.9740E-04	-6.3277E-04
2.8221E-04	-5.9569E-04
3.0283E-04	-6.0887E-04
2.5731E-04	-6.0554E-04
2.4098E-04	-5.6934E-04
2.6160E-04	-5.8251E-04
2.1746E-04	-5.7825E-04
2.2036E-04	-5.5616E-04
3.6067E-04	-7.3802E-04
3.4974E-04	-6.9861E-04
3.6941E-04	-7.1266E-04
3.2320E-04	-7.0916E-04
3.1095E-04	-6.7056E-04
3.3035E-04	-6.8458E-04
2.8598E-04	-6.8017E-04
2.7248E-04	-6.4244E-04
2.9186E-04	-6.5653E-04
2.4850E-04	-6.5131E-04
2.3361E-04	-6.1436E-04
2.5307E-04	-6.2840E-04
2.1107E-04	-6.2248E-04
2.1426E-04	-6.0036E-04
3.4197E-04	-7.8814E-04
3.3334E-04	-7.4828E-04
3.5162E-04	-7.6312E-04
3.0750E-04	-7.5779E-04
2.9762E-04	-7.1867E-04
3.1535E-04	-7.3348E-04
2.7334E-04	-7.2726E-04
2.6185E-04	-6.8901E-04
2.7988E-04	-7.0372E-04
2.3896E-04	-6.9696E-04
2.2576E-04	-6.5936E-04
2.4380E-04	-6.7418E-04
2.0437E-04	-6.6666E-04
2.0767E-04	-6.4453E-04
3.2126E-04	-8.3741E-04
3.1553E-04	-7.9727E-04
3.3193E-04	-8.1280E-04
2.9042E-04	-8.0555E-04
2.8284E-04	-7.6628E-04
2.9915E-04	-7.8176E-04
2.5953E-04	-7.7394E-04
2.5030E-04	-7.3514E-04
2.6666E-04	-7.5063E-04
2.2864E-04	-7.4235E-04
2.1750E-04	-7.0411E-04
2.3390E-04	-7.1968E-04
1.9748E-04	-7.1074E-04
2.0096E-04	-6.8870E-04
2.9558E-04	-8.4539E-04
3.1012E-04	-8.6151E-04
2.6654E-04	-8.1321E-04
2.8111E-04	-8.2935E-04
2.3746E-04	-7.8098E-04
2.5202E-04	-7.9711E-04
2.0845E-04	-7.4880E-04
2.2304E-04	-7.6499E-04
1.9398E-04	-7.3270E-04
3.4779E-05	-9.1863E-04
6.5420E-05	-8.9792E-04
9.4913E-05	-8.7537E-04
1.2339E-04	-8.5106E-04
1.5090E-04	-8.2587E-04
1.7770E-04	-7.9952E-04
4.1046E-05	-9.7374E-04
7.7460E-05	-9.5276E-04
1.1173E-04	-9.2844E-04
1.4395E-04	-9.0075E-04
1.7438E-04	-8.7081E-04
2.0329E-04	-8.3869E-04
4.7366E-05	-1.0286E-03
8.9295E-05	-1.0077E-03
1.2832E-04	-9.8103E-04
1.6439E-04	-9.4963E-04
1.9775E-04	-9.1484E-04
2.2882E-04	-8.7695E-04
5.3840E-05	-1.0842E-03
1.0176E-04	-1.0627E-03
1.4556E-04	-1.0335E-03
1.8555E-04	-9.9795E-04
2.2169E-04	-9.5833E-04
2.5462E-04	-9.1515E-04
2.6763E-04	-9.3439E-04
2.7001E-04	-8.9253E-04
2.8342E-04	-9.1009E-04
2.4164E-04	-8.9620E-04
2.4353E-04	-8.5708E-04
2.5676E-04	-8.7477E-04
2.1604E-04	-8.5798E-04
2.1722E-04	-8.2163E-04
2.3032E-04	-8.3954E-04
1.9057E-04	-8.1910E-04
1.9083E-04	-7.8566E-04
2.0407E-04	-8.0362E-04
1.6479E-04	-7.7948E-04
1.7755E-04	-7.6742E-04
2.3395E-04	-9.8013E-04
2.3843E-04	-9.3740E-04
2.5135E-04	-9.5750E-04
2.0954E-04	-9.3680E-04
2.1352E-04	-8.9649E-04
2.2593E-04	-9.1685E-04
1.8607E-04	-8.9293E-04
1.8899E-04	-8.5516E-04
2.0125E-04	-8.7595E-04
1.6268E-04	-8.4865E-04
1.6437E-04	-8.1297E-04
1.7677E-04	-8.3408E-04
1.3901E-04	-8.0295E-04
1.5193E-04	-7.9135E-04
1.9647E-04	-1.0223E-03
2.0403E-04	-9.7871E-04
2.1571E-04	-1.0017E-03
1.7479E-04	-9.7392E-04
1.8131E-04	-9.3279E-04
1.9248E-04	-9.5592E-04
1.5410E-04	-9.2537E-04
1.5931E-04	-8.8629E-04
1.7030E-04	-9.0966E-04
1.3369E-04	-8.7620E-04
1.3727E-04	-8.3865E-04
1.4831E-04	-8.6274E-04
1.1290E-04	-8.2577E-04
1.2601E-04	-8.1440E-04
1.5467E-04	-1.0598E-03
1.6591E-04	-1.0166E-03
1.7629E-04	-1.0416E-03
1.3680E-04	-1.0073E-03
1.4663E-04	-9.6602E-04
1.5614E-04	-9.9134E-04
1.2005E-04	-9.5472E-04
1.2802E-04	-9.1506E-04
1.3741E-04	-9.4047E-04
1.0337E-04	-9.0190E-04
1.0924E-04	-8.6350E-04
1.1872E-04	-8.8925E-04
8.6293E-05	-8.4839E-04
9.9650E-05	-8.3731E-04
1.0839E-04	-1.0906E-03
1.2419E-04	-1.0490E-03
1.3206E-04	-1.0762E-03
9.5403E-05	-1.0351E-03
1.0926E-04	-9.9493E-04
1.1643E-04	-1.0221E-03
8.3500E-05	-9.8007E-04
9.4825E-05	-9.4119E-04
1.0210E-04	-9.6792E-04
7.1486E-05	-9.2551E-04
8.0282E-05	-8.8681E-04
8.7632E-05	-9.1398E-04
5.9175E-05	-8.6997E-04
7.2800E-05	-8.5925E-04
5.7090E-05	-1.1126E-03
7.8365E-05	-1.0746E-03
8.3316E-05	-1.1029E-03
5.0534E-05	-1.0562E-03
6.8716E-05	-1.0189E-03
7.3472E-05	-1.0466E-03
4.4120E-05	-1.0010E-03
5.9421E-05	-9.6365E-04
6.4147E-05	-9.9115E-04
3.7940E-05	-9.4638E-04
5.0254E-05	-9.0854E-04
5.4880E-05	-9.3618E-04
3.1440E-05	-8.9039E-04
4.5344E-05	-8.8021E-04
2.8529E-05	-1.0913E-03
3.0236E-05	-1.1190E-03
2.5246E-05	-1.0365E-03
2.6858E-05	-1.0638E-03
2.2093E-05	-9.8226E-04
2.3719E-05	-1.0093E-03
1.9054E-05	-9.2797E-04
2.0563E-05	-9.5511E-04
1.7417E-05	-9.0029E-04
-1.7601E-04	-7.9552E-04
-1.4895E-04	-8.2303E-04
-1.2102E-04	-8.4941E-04
-9.1988E-05	-8.7409E-04
-6.1758E-05	-8.9746E-04
-3.0232E-05	-9.1868E-04
-2.0562E-04	-8.3015E-04
-1.7613E-04	-8.6435E-04
-1.4489E-04	-8.9643E-04
-1.1156E-04	-9.2596E-04
-7.5886E-05	-9.5195E-04
-3.7577E-05	-9.7339E-04
-2.3491E-04	-8.6388E-04
-2.0307E-04	-9.0497E-04
-1.6854E-04	-9.4277E-04
-1.3086E-04	-9.7690E-04
-8.9802E-05	-1.0058E-03
-4.5124E-05	-1.0282E-03
-2.6453E-04	-8.9757E-04
-2.3056E-04	-9.4499E-04
-1.9273E-04	-9.8901E-04
-1.5076E-04	-1.0280E-03
-1.0407E-04	-1.0604E-03
-5.2859E-05	-1.0839E-03
-5.6686E-05	-1.1123E-03
-2.5421E-05	-1.0911E-03
-2.7573E-05	-1.1191E-03
-4.8911E-05	-1.0558E-03
-2.1487E-05	-1.0365E-03
-2.3446E-05	-1.0637E-03
-4.1331E-05	-1.0008E-03
-1.7673E-05	-9.8219E-04
-1.9572E-05	-1.0092E-03
-3.3915E-05	-9.4608E-04
-1.3945E-05	-9.2806E-04
-1.5808E-05	-9.5517E-04
-2.6213E-05	-8.9047E-04
-1.1972E-05	-9.0042E-04
-1.1165E-04	-1.0881E-03
-7.9136E-05	-1.0734E-03
-8.5060E-05	-1.1017E-03
-9.6793E-05	-1.0330E-03
-6.7922E-05	-1.0179E-03
-7.3383E-05	-1.0455E-03
-8.2799E-05	-9.7895E-04
-5.7043E-05	-9.6344E-04
-6.2371E-05	-9.9075E-04
-6.8914E-05	-9.2503E-04
-4.6187E-05	-9.0846E-04
-5.1689E-05	-9.3621E-04
-5.4455E-05	-8.6984E-04
-4.0391E-05	-8.8020E-04
-1.6137E-04	-1.0536E-03
-1.2812E-04	-1.0451E-03
-1.3741E-04	-1.0718E-03
-1.4080E-04	-1.0022E-03
-1.1080E-04	-9.9199E-04
-1.1917E-04	-1.0187E-03
-1.2120E-04	-9.5149E-04
-9.4149E-05	-9.3923E-04
-1.0242E-04	-9.6575E-04
-1.0187E-04	-9.0003E-04
-7.7034E-05	-8.8602E-04
-8.5662E-05	-9.1274E-04
-8.1941E-05	-8.4782E-04
-6.8226E-05	-8.5875E-04
-2.0543E-04	-1.0119E-03
-1.7224E-04	-1.0093E-03
-1.8415E-04	-1.0334E-03
-1.8048E-04	-9.6599E-04
-1.5005E-04	-9.6045E-04
-1.6100E-04	-9.8495E-04
-1.5670E-04	-9.1972E-04
-1.2844E-04	-9.1168E-04
-1.3922E-04	-9.3623E-04
-1.3302E-04	-8.7320E-04
-1.0666E-04	-8.6180E-04
-1.1765E-04	-8.8686E-04
-1.0878E-04	-8.2509E-04
-9.5448E-05	-8.3653E-04
-2.4465E-04	-9.6507E-04
-2.1205E-04	-9.6770E-04
-2.2563E-04	-9.8902E-04
-2.1665E-04	-9.2523E-04
-1.8609E-04	-9.2442E-04
-1.9894E-04	-9.4623E-04
-1.8961E-04	-8.8483E-04
-1.6070E-04	-8.8083E-04
-1.7340E-04	-9.0280E-04
-1.6262E-04	-8.4401E-04
-1.3508E-04	-8.3648E-04
-1.4797E-04	-8.5895E-04
-1.3518E-04	-8.0180E-04
-1.2207E-04	-8.1342E-04
-2.7953E-04	-9.1454E-04
-2.4789E-04	-9.2196E-04
-2.6270E-04	-9.4004E-04
-2.4957E-04	-8.8104E-04
-2.1927E-04	-8.8506E-04
-2.3354E-04	-9.0337E-04
-2.2026E-04	-8.4698E-04
-1.9105E-04	-8.4773E-04
-2.0520E-04	-8.6650E-04
-1.9084E-04	-8.1317E-04
-1.6259E-04	-8.0962E-04
-1.7693E-04	-8.2890E-04
-1.6108E-04	-7.7782E-04
-1.4819E-04	-7.8991E-04
-2.8022E-04	-8.7286E-04
-2.9549E-04	-8.8819E-04
-2.4982E-04	-8.4238E-04
-2.6492E-04	-8.5784E-04
-2.1957E-04	-8.1204E-04
-2.3473E-04	-8.2707E-04
-1.8918E-04	-7.8101E-04
-2.0440E-04	-7.9658E-04
-1.7385E-04	-7.6541E-04
-3.0287E-04	-4.5100E-05
-2.9842E-04	-9.0444E-05
-2.9376E-04	-1.3578E-04
-2.8887E-04	-1.8110E-04
-2.8375E-04	-2.2640E-04
-2.7842E-04	-2.7168E-04
-2.7285E-04	-3.1693E-04
-2.6705E-04	-3.6214E-04
-2.6100E-04	-4.0731E-04
-2.5470E-04	-4.5244E-04
-2.4813E-04	-4.9750E-04
-2.4129E-04	-5.4249E-04
-2.3411E-04	-5.8738E-04
-2.2681E-04	-6.3201E-04
-2.1908E-04	-6.7665E-04
-2.1076E-04	-7.2118E-04
-3.5267E-04	-4.6761E-05
-3.4892E-04	-9.4011E-05
-3.4474E-04	-1.4124E-04
-3.4011E-04	-1.8845E-04
-3.3502E-04	-2.3561E-04
-3.2949E-04	-2.8273E-04
-3.2351E-04	-3.2979E-04
-3.1705E-04	-3.7678E-04
-3.1010E-04	-4.2368E-04
-3.0264E-04	-4.7049E-04
-2.9465E-04	-5.1717E-04
-2.8610E-04	-5.6372E-04
-2.7689E-04	-6.1007E-04
-2.6728E-04	-6.5609E-04
-2.5670E-04	-7.0195E-04
-2.4536E-04	-7.4754E-04
-4.0248E-04	-4.8423E-05
-3.9942E-04	-9.7578E-05
-3.9572E-04	-1.4671E-04
-3.9134E-04	-1.9579E-04
-3.8628E-04	-2.4482E-04
-3.8056E-04	-2.9378E-04
-3.7417E-04	-3.4265E-04
-3.6705E-04	-3.9142E-04
-3.5919E-04	-4.4005E-04
-3.5058E-04	-4.8854E-04
-3.4117E-04	-5.3685E-04
-3.3091E-04	-5.8495E-04
-3.1967E-04	-6.3276E-04
-3.0751E-04	-6.8028E-04
-2.9444E-04	-7.2721E-04
-2.8003E-04	-7.7384E-04
-4.5228E-04	-5.0085E-05
-4.4992E-04	-1.0114E-04
-4.4671E-04	-1.5217E-04
-4.4258E-04	-2.0314E-04
-4.3755E-04	-2.5403E-04
-4.3164E-04	-3.0483E-04
-4.2482E-04	-3.5551E-04
-4.1705E-04	-4.0606E-04
-4.0829E-04	-4.5643E-04
-3.9852E-04	-5.0660E-04
-3.8769E-04	-5.5653E-04
-3.7572E-04	-6.0617E-04
-3.6245E-04	-6.5545E-04
-3.4796E-04	-7.0433E-04
-3.3203E-04	-7.5270E-04
-3.1468E-04	-8.0018E-04
-3.3188E-04	-8.1364E-04
-3.0516E-04	-8.2385E-04
-3.2163E-04	-8.3727E-04
-2.9734E-04	-7.8701E-04
-2.7230E-04	-7.9708E-04
-2.8870E-04	-8.1045E-04
-2.6272E-04	-7.6065E-04
-2.3931E-04	-7.7021E-04
-2.5580E-04	-7.8361E-04
-2.2815E-04	-7.3437E-04
-2.0641E-04	-7.4341E-04
-2.2294E-04	-7.5687E-04
-1.9344E-04	-7.0804E-04
-1.9000E-04	-7.3004E-04
-3.5090E-04	-7.6534E-04
-3.2361E-04	-7.7654E-04
-3.4167E-04	-7.8946E-04
-3.1316E-04	-7.4006E-04
-2.8735E-04	-7.5067E-04
-3.0546E-04	-7.6359E-04
-2.7558E-04	-7.1455E-04
-2.5131E-04	-7.2468E-04
-2.6923E-04	-7.3776E-04
-2.3787E-04	-6.8930E-04
-2.1493E-04	-6.9891E-04
-2.3310E-04	-7.1186E-04
-2.0015E-04	-6.6408E-04
-1.9682E-04	-6.8605E-04
-3.6818E-04	-7.1635E-04
-3.3999E-04	-7.2851E-04
-3.5980E-04	-7.4084E-04
-3.2773E-04	-6.9230E-04
-3.0116E-04	-7.0379E-04
-3.2044E-04	-7.1618E-04
-2.8729E-04	-6.6826E-04
-2.6203E-04	-6.7903E-04
-2.8160E-04	-6.9145E-04
-2.4707E-04	-6.4405E-04
-2.2303E-04	-6.5437E-04
-2.4249E-04	-6.6671E-04
-2.0662E-04	-6.2005E-04
-2.0336E-04	-6.4203E-04
-3.8384E-04	-6.6679E-04
-3.5520E-04	-6.7989E-04
-3.7601E-04	-6.9157E-04
-3.4106E-04	-6.4410E-04
-3.1359E-04	-6.5652E-04
-3.3440E-04	-6.6820E-04
-2.9828E-04	-6.2141E-04
-2.7225E-04	-6.3305E-04
-2.9304E-04	-6.4479E-04
-2.5550E-04	-5.9873E-04
-2.3059E-04	-6.0963E-04
-2.5143E-04	-6.2136E-04
-2.1272E-04	-5.7604E-04
-2.0979E-04	-5.9800E-04
-3.9813E-04	-6.1679E-04
-3.6909E-04	-6.3081E-04
-3.9098E-04	-6.4179E-04
-3.5332E-04	-5.9556E-04
-3.2529E-04	-6.0885E-04
-3.4719E-04	-6.1983E-04
-3.0851E-04	-5.7433E-04
-2.8149E-04	-5.8689E-04
-3.0339E-04	-5.9787E-04
-2.6369E-04	-5.5310E-04
-2.3770E-04	-5.6494E-04
-2.5960E-04	-5.7591E-04
-2.1888E-04	-5.3187E-04
-2.1580E-04	-5.5396E-04
-4.1094E-04	-5.6637E-04
-3.8170E-04	-5.8135E-04
-4.0454E-04	-5.9158E-04
-3.6443E-04	-5.4669E-04
-3.3604E-04	-5.6090E-04
-3.5887E-04	-5.7112E-04
-3.1791E-04	-5.2701E-04
-2.9038E-04	-5.4045E-04
-3.1321E-04	-5.5067E-04
-2.7139E-04	-5.0734E-04
-2.4471E-04	-5.1999E-04
-2.6754E-04	-5.3022E-04
-2.2488E-04	-4.8766E-04
-2.2188E-04	-5.0977E-04
-4.2249E-04	-5.1562E-04
-3.9310E-04	-5.3156E-04
-4.1671E-04	-5.4099E-04
-3.7455E-04	-4.9757E-04
-3.4587E-04	-5.1270E-04
-3.6949E-04	-5.2213E-04
-3.2661E-04	-4.7952E-04
-2.9865E-04	-4.9383E-04
-3.2226E-04	-5.0326E-04
-2.7867E-04	-4.6146E-04
-2.5142E-04	-4.7497E-04
-2.7503E-04	-4.8440E-04
-2.3073E-04	-4.4341E-04
-2.2780E-04	-4.6553E-04
-4.3283E-04	-4.6461E-04
-4.0340E-04	-4.8151E-04
-4.2766E-04	-4.9012E-04
-3.8374E-04	-4.4824E-04
-3.5488E-04	-4.6430E-04
-3.7914E-04	-4.7290E-04
-3.3464E-04	-4.3187E-04
-3.0637E-04	-4.4709E-04
-3.3063E-04	-4.5569E-04
-2.8555E-04	-4.1550E-04
-2.5785E-04	-4.2988E-04
-2.8211E-04	-4.3848E-04
-2.3645E-04	-3.9913E-04
-2.3359E-04	-4.2127E-04
-4.4205E-04	-4.1337E-04
-4.1267E-04	-4.3124E-04
-4.3744E-04	-4.3899E-04
-3.9205E-04	-3.9874E-04
-3.6312E-04	-4.1574E-04
-3.8789E-04	-4.2349E-04
-3.4205E-04	-3.8410E-04
-3.1357E-04	-4.0023E-04
-3.3835E-04	-4.0798E-04
-2.9205E-04	-3.6946E-04
-2.6403E-04	-3.8473E-04
-2.8880E-04	-3.9248E-04
-2.4205E-04	-3.5482E-04
-2.3925E-04	-3.7698E-04
-4.5015E-04	-3.6194E-04
-4.2094E-04	-3.8078E-04
-4.4610E-04	-3.8766E-04
-3.9950E-04	-3.4908E-04
-3.7061E-04	-3.6704E-04
-3.9577E-04	-3.7391E-04
-3.4884E-04	-3.3622E-04
-3.2028E-04	-3.5329E-04
-3.4544E-04	-3.6016E-04
-2.9818E-04	-3.2336E-04
-2.6995E-04	-3.3954E-04
-2.9512E-04	-3.4641E-04
-2.4753E-04	-3.1050E-04
-2.4479E-04	-3.3266E-04
-4.5717E-04	-3.1035E-04
-4.2823E-04	-3.3017E-04
-4.5366E-04	-3.3615E-04
-4.0610E-04	-2.9930E-04
-3.7737E-04	-3.1822E-04
-4.0280E-04	-3.2419E-04
-3.5503E-04	-2.8825E-04
-3.2650E-04	-3.0626E-04
-3.5193E-04	-3.1224E-04
-3.0395E-04	-2.7720E-04
-2.7563E-04	-2.9430E-04
-3.0107E-04	-3.0028E-04
-2.5288E-04	-2.6615E-04
-2.5020E-04	-2.8833E-04
-4.6318E-04	-2.5864E-04
-4.3459E-04	-2.7943E-04
-4.6018E-04	-2.8449E-04
-4.1192E-04	-2.4943E-04
-3.8342E-04	-2.6930E-04
-4.0901E-04	-2.7436E-04
-3.6065E-04	-2.4022E-04
-3.3225E-04	-2.5917E-04
-3.5784E-04	-2.6423E-04
-3.0938E-04	-2.3101E-04
-2.8108E-04	-2.4904E-04
-3.0667E-04	-2.5411E-04
-2.5812E-04	-2.2180E-04
-2.5550E-04	-2.4398E-04
-4.6820E-04	-2.0681E-04
-4.4006E-04	-2.2858E-04
-4.6569E-04	-2.3272E-04
-4.1696E-04	-1.9947E-04
-3.8881E-04	-2.2031E-04
-4.1444E-04	-2.2445E-04
-3.6572E-04	-1.9212E-04
-3.3756E-04	-2.1203E-04
-3.6319E-04	-2.1617E-04
-3.1449E-04	-1.8477E-04
-2.8631E-04	-2.0375E-04
-3.1194E-04	-2.0789E-04
-2.6325E-04	-1.7743E-04
-2.6068E-04	-1.9961E-04
-4.7220E-04	-1.5490E-04
-4.4464E-04	-1.7765E-04
-4.7020E-04	-1.8086E-04
-4.2121E-04	-1.4944E-04
-3.9353E-04	-1.7125E-04
-4.1909E-04	-1.7445E-04
-3.7023E-04	-1.4397E-04
-3.4242E-04	-1.6484E-04
-3.6798E-04	-1.6805E-04
-3.1925E-04	-1.3851E-04
-2.9131E-04	-1.5844E-04
-3.1687E-04	-1.6164E-04
-2.6827E-04	-1.3305E-04
-2.6576E-04	-1.5524E-04
-4.7517E-04	-1.0293E-04
-4.4831E-04	-1.2666E-04
-4.7369E-04	-1.2892E-04
-4.2467E-04	-9.9361E-05
-3.9757E-04	-1.2214E-04
-4.2294E-04	-1.2440E-04
-3.7417E-04	-9.5794E-05
-3.4683E-04	-1.1763E-04
-3.7220E-04	-1.1988E-04
-3.2367E-04	-9.2227E-05
-2.9609E-04	-1.1311E-04
-3.2146E-04	-1.1537E-04
-2.7317E-04	-8.8660E-05
-2.7072E-04	-1.1085E-04
-4.7718E-04	-5.0915E-05
-4.5110E-04	-7.5615E-05
-4.7618E-04	-7.6922E-05
-4.2738E-04	-4.9254E-05
-4.0095E-04	-7.3000E-05
-4.2603E-04	-7.4308E-05
-3.7757E-04	-4.7592E-05
-3.5080E-04	-7.0386E-05
-3.7587E-04	-7.1693E-05
-3.2777E-04	-4.5931E-05
-3.0065E-04	-6.7772E-05
-3.2572E-04	-6.9079E-05
-2.7797E-04	-4.4269E-05
-2.7557E-04	-6.6465E-05
-4.5302E-04	-2.4555E-05
-4.7770E-04	-2.4910E-05
-4.0368E-04	-2.3846E-05
-4.2835E-04	-2.4201E-05
-3.5433E-04	-2.3137E-05
-3.7900E-04	-2.3492E-05
-3.0498E-04	-2.2428E-05
-3.2966E-04	-2.2783E-05
-2.8031E-04	-2.2074E-05
-2.1235E-04	7.1733E-04
-2.2030E-04	6.7303E-04
-2.2790E-04	6.2859E-04
-2.3520E-04	5.8406E-04
-2.4216E-04	5.3942E-04
-2.4885E-04	4.9470E-04
-2.5528E-04	4.4992E-04
-2.6146E-04	4.0509E-04
-2.6740E-04	3.6021E-04
-2.7311E-04	3.1529E-04
-2.7860E-04	2.7034E-04
-2.8387E-04	2.2536E-04
-2.8894E-04	1.8037E-04
-2.9379E-04	1.3535E-04
-2.9843E-04	9.0322E-05
-3.0287E-04	4.5285E-05
-2.4880E-04	7.3964E-04
-2.5957E-04	6.9448E-04
-2.6962E-04	6.4905E-04
-2.7906E-04	6.0341E-04
-2.8786E-04	5.5758E-04
-2.9609E-04	5.1158E-04
-3.0380E-04	4.6546E-04
-3.1101E-04	4.1923E-04
-3.1775E-04	3.7292E-04
-3.2402E-04	3.2652E-04
-3.2985E-04	2.8005E-04
-3.3525E-04	2.3354E-04
-3.4024E-04	1.8698E-04
-3.4480E-04	1.4039E-04
-3.4894E-04	9.3768E-05
-3.5267E-04	4.7132E-05
-2.8526E-04	7.6196E-04
-2.9883E-04	7.1594E-04
-3.1134E-04	6.6951E-04
-3.2293E-04	6.2277E-04
-3.3355E-04	5.7573E-04
-3.4332E-04	5.2846E-04
-3.5231E-04	4.8100E-04
-3.6056E-04	4.3338E-04
-3.6810E-04	3.8562E-04
-3.7493E-04	3.3774E-04
-3.8110E-04	2.8977E-04
-3.8664E-04	2.4171E-04
-3.9155E-04	1.9359E-04
-3.9581E-04	1.4542E-04
-3.9945E-04	9.7214E-05
-4.0247E-04	4.8979E-05
-3.2171E-04	7.8427E-04
-3.3809E-04	7.3739E-04
-3.5306E-04	6.8997E-04
-3.6680E-04	6.4213E-04
-3.7924E-04	5.9389E-04
-3.9056E-04	5.4534E-04
-4.0083E-04	4.9654E-04
-4.1011E-04	4.4752E-04
-4.1845E-04	3.9832E-04
-4.2584E-04	3.4897E-04
-4.3236E-04	2.9948E-04
-4.3802E-04	2.4989E-04
-4.4285E-04	2.0021E-04
-4.4683E-04	1.5046E-04
-4.4995E-04	1.0066E-04
-4.5227E-04	5.0826E-05
-4.7717E-04	5.1749E-05
-4.5302E-04	2.5900E-05
-4.7769E-04	2.6423E-05
-4.2737E-04	4.9902E-05
-4.0367E-04	2.4855E-05
-4.2835E-04	2.5377E-05
-3.7757E-04	4.8055E-05
-3.5433E-04	2.3810E-05
-3.7900E-04	2.4332E-05
-3.2777E-04	4.6209E-05
-3.0498E-04	2.2764E-05
-3.2966E-04	2.3287E-05
-2.7797E-04	4.4362E-05
-2.8031E-04	2.2242E-05
-4.7521E-04	1.0238E-04
-4.5111E-04	7.5743E-05
-4.7619E-04	7.7066E-05
-4.2470E-04	9.8936E-05
-4.0096E-04	7.3096E-05
-4.2603E-04	7.4419E-05
-3.7419E-04	9.5491E-05
-3.5080E-04	7.0450E-05
-3.7588E-04	7.1773E-05
-3.2368E-04	9.2045E-05
-3.0065E-04	6.7804E-05
-3.2573E-04	6.9127E-05
-2.7317E-04	8.8599E-05
-2.7557E-04	6.6481E-05
-4.7233E-04	1.5298E-04
-4.4839E-04	1.2556E-04
-4.7377E-04	1.2768E-04
-4.2132E-04	1.4794E-04
-3.9763E-04	1.2132E-04
-4.2301E-04	1.2344E-04
-3.7031E-04	1.4291E-04
-3.4687E-04	1.1708E-04
-3.7225E-04	1.1920E-04
-3.1929E-04	1.3787E-04
-2.9611E-04	1.1284E-04
-3.2149E-04	1.1496E-04
-2.6828E-04	1.3283E-04
-2.7073E-04	1.1072E-04
-4.6851E-04	2.0352E-04
-4.4484E-04	1.7533E-04
-4.7042E-04	1.7825E-04
-4.1720E-04	1.9690E-04
-3.9368E-04	1.6951E-04
-4.1926E-04	1.7242E-04
-3.6590E-04	1.9029E-04
-3.4252E-04	1.6368E-04
-3.6810E-04	1.6660E-04
-3.1459E-04	1.8367E-04
-2.9136E-04	1.5786E-04
-3.1694E-04	1.6077E-04
-2.6328E-04	1.7706E-04
-2.6578E-04	1.5495E-04
-4.6371E-04	2.5397E-04
-4.4044E-04	2.2505E-04
-4.6611E-04	2.2874E-04
-4.1233E-04	2.4580E-04
-3.8909E-04	2.1765E-04
-4.1476E-04	2.2135E-04
-3.6095E-04	2.3763E-04
-3.3775E-04	2.1026E-04
-3.6342E-04	2.1396E-04
-3.0956E-04	2.2945E-04
-2.8640E-04	2.0287E-04
-3.1208E-04	2.0656E-04
-2.5818E-04	2.2128E-04
-2.6073E-04	1.9917E-04
-4.5798E-04	3.0433E-04
-4.3519E-04	2.7468E-04
-4.6085E-04	2.7915E-04
-4.0673E-04	2.9462E-04
-3.8387E-04	2.6574E-04
-4.0953E-04	2.7021E-04
-3.5548E-04	2.8491E-04
-3.3255E-04	2.5680E-04
-3.5821E-04	2.6127E-04
-3.0422E-04	2.7520E-04
-2.8123E-04	2.4785E-04
-3.0689E-04	2.5232E-04
-2.5297E-04	2.6549E-04
-2.5557E-04	2.4338E-04
-4.5130E-04	3.5458E-04
-4.2910E-04	3.2422E-04
-4.5464E-04	3.2946E-04
-4.0039E-04	3.4335E-04
-3.7802E-04	3.1375E-04
-4.0356E-04	3.1899E-04
-3.4948E-04	3.3213E-04
-3.2693E-04	3.0329E-04
-3.5248E-04	3.0852E-04
-2.9856E-04	3.2090E-04
-2.7585E-04	2.9282E-04
-3.0139E-04	2.9805E-04
-2.4765E-04	3.0968E-04
-2.5031E-04	2.8758E-04
-4.4362E-04	4.0468E-04
-4.2215E-04	3.7364E-04
-4.4746E-04	3.7963E-04
-3.9328E-04	3.9197E-04
-3.7152E-04	3.6168E-04
-3.9683E-04	3.6766E-04
-3.4293E-04	3.7927E-04
-3.2089E-04	3.4972E-04
-3.4620E-04	3.5570E-04
-2.9258E-04	3.6656E-04
-2.7026E-04	3.3775E-04
-2.9557E-04	3.4373E-04
-2.4223E-04	3.5386E-04
-2.4494E-04	3.3177E-04
-4.3488E-04	4.5460E-04
-4.1428E-04	4.2292E-04
-4.3925E-04	4.2964E-04
-3.8533E-04	4.4045E-04
-3.6433E-04	4.0950E-04
-3.8930E-04	4.1621E-04
-3.3578E-04	4.2631E-04
-3.1438E-04	3.9607E-04
-3.3935E-04	4.0279E-04
-2.8623E-04	4.1216E-04
-2.6443E-04	3.8265E-04
-2.8940E-04	3.8936E-04
-2.3668E-04	3.9802E-04
-2.3945E-04	3.7594E-04
-4.2509E-04	5.0431E-04
-4.0547E-04	4.7203E-04
-4.2999E-04	4.7945E-04
-3.7657E-04	4.8877E-04
-3.5644E-04	4.5719E-04
-3.8095E-04	4.6461E-04
-3.2805E-04	4.7323E-04
-3.0740E-04	4.4235E-04
-3.3192E-04	4.4977E-04
-2.7954E-04	4.5769E-04
-2.5837E-04	4.2751E-04
-2.8289E-04	4.3493E-04
-2.3102E-04	4.4215E-04
-2.3385E-04	4.2008E-04
-4.1418E-04	5.5379E-04
-3.9569E-04	5.2094E-04
-4.1963E-04	5.2905E-04
-3.6694E-04	5.3690E-04
-3.4782E-04	5.0473E-04
-3.7176E-04	5.1284E-04
-3.1971E-04	5.2002E-04
-2.9994E-04	4.8852E-04
-3.2388E-04	4.9663E-04
-2.7247E-04	5.0314E-04
-2.5207E-04	4.7231E-04
-2.7600E-04	4.8042E-04
-2.2524E-04	4.8626E-04
-2.2813E-04	4.6421E-04
-4.0209E-04	6.0297E-04
-3.8490E-04	5.6962E-04
-4.0813E-04	5.7838E-04
-3.5639E-04	5.8481E-04
-3.3844E-04	5.5210E-04
-3.6167E-04	5.6086E-04
-3.1070E-04	5.6665E-04
-2.9197E-04	5.3458E-04
-3.1520E-04	5.4334E-04
-2.6501E-04	5.4850E-04
-2.4551E-04	5.1706E-04
-2.6874E-04	5.2582E-04
-2.1932E-04	5.3034E-04
-2.2228E-04	5.0830E-04
-3.8873E-04	6.5181E-04
-3.7302E-04	6.1801E-04
-3.9541E-04	6.2739E-04
-3.4486E-04	6.3245E-04
-3.2824E-04	5.9925E-04
-3.5063E-04	6.0863E-04
-3.0100E-04	6.1309E-04
-2.8346E-04	5.8049E-04
-3.0585E-04	5.8987E-04
-2.5713E-04	5.9373E-04
-2.3868E-04	5.6174E-04
-2.6107E-04	5.7112E-04
-2.1326E-04	5.7438E-04
-2.1629E-04	5.5236E-04
-3.7392E-04	7.0020E-04
-3.5993E-04	6.6605E-04
-3.8132E-04	6.7601E-04
-3.3220E-04	6.7974E-04
-3.1713E-04	6.4614E-04
-3.3853E-04	6.5610E-04
-2.9048E-04	6.5928E-04
-2.7434E-04	6.2623E-04
-2.9574E-04	6.3619E-04
-2.4876E-04	6.3882E-04
-2.3155E-04	6.0632E-04
-2.5295E-04	6.1628E-04
-2.0704E-04	6.1836E-04
-2.1015E-04	5.9637E-04
-3.5772E-04	7.4812E-04
-3.4558E-04	7.1368E-04
-3.6582E-04	7.2416E-04
-3.1846E-04	7.2666E-04
-3.0508E-04	6.9272E-04
-3.2533E-04	7.0320E-04
-2.7920E-04	7.0521E-04
-2.6459E-04	6.7177E-04
-2.8484E-04	6.8225E-04
-2.3993E-04	6.8375E-04
-2.2410E-04	6.5081E-04
-2.4435E-04	6.6129E-04
-2.0067E-04	6.6230E-04
-2.0386E-04	6.4033E-04
-3.3994E-04	7.9543E-04
-3.2990E-04	7.6083E-04
-3.4883E-04	7.7177E-04
-3.0348E-04	7.7311E-04
-2.9204E-04	7.3895E-04
-3.1097E-04	7.4989E-04
-2.6703E-04	7.5080E-04
-2.5418E-04	7.1706E-04
-2.7311E-04	7.2800E-04
-2.3058E-04	7.2848E-04
-2.1633E-04	6.9518E-04
-2.3525E-04	7.0612E-04
-1.9412E-04	7.0617E-04
-1.9740E-04	6.8424E-04
-3.1270E-04	8.0735E-04
-3.3037E-04	8.1860E-04
-2.7785E-04	7.8470E-04
-2.9528E-04	7.9602E-04
-2.4301E-04	7.6204E-04
-2.6043E-04	7.7337E-04
-2.0817E-04	7.3939E-04
-2.2559E-04	7.5071E-04
-1.9074E-04	7.2806E-04
-3.3433E-05	9.1762E-04
-6.4852E-05	8.9568E-04
-9.4914E-05	8.7178E-04
-1.2374E-04	8.4607E-04
-1.5156E-04	8.1960E-04
-1.7853E-04	7.9176E-04
-4.3947E-05	9.7138E-04
-8.1979E-05	9.4835E-04
-1.1732E-04	9.2117E-04
-1.5032E-04	8.9045E-04
-1.8122E-04	8.5743E-04
-2.1034E-04	8.2243E-04
-5.4661E-05	1.0255E-03
-9.8792E-05	1.0007E-03
-1.3946E-04	9.6965E-04
-1.7663E-04	9.3381E-04
-2.1065E-04	8.9452E-04
-2.4187E-04	8.5248E-04
-6.5515E-05	1.0800E-03
-1.1648E-04	1.0532E-03
-1.6232E-04	1.0180E-03
-2.0345E-04	9.7700E-04
-2.4052E-04	9.3110E-04
-2.7368E-04	8.8222E-04
-2.8988E-04	8.9692E-04
-2.8907E-04	8.5664E-04
-3.0549E-04	8.6964E-04
-2.5774E-04	8.6743E-04
-2.5647E-04	8.3024E-04
-2.7271E-04	8.4365E-04
-2.2609E-04	8.3762E-04
-2.2410E-04	8.0395E-04
-2.4029E-04	8.1708E-04
-1.9455E-04	8.0726E-04
-1.9155E-04	7.7703E-04
-2.0790E-04	7.9064E-04
-1.6235E-04	7.7580E-04
-1.7507E-04	7.6322E-04
-2.5585E-04	9.4923E-04
-2.5750E-04	9.0723E-04
-2.7345E-04	9.2326E-04
-2.2543E-04	9.1304E-04
-2.2655E-04	8.7398E-04
-2.4194E-04	8.9075E-04
-1.9598E-04	8.7610E-04
-1.9603E-04	8.4047E-04
-2.1129E-04	8.5721E-04
-1.6651E-04	8.3875E-04
-1.6515E-04	8.0599E-04
-1.8071E-04	8.2344E-04
-1.3648E-04	7.9986E-04
-1.4951E-04	7.8810E-04
-2.1740E-04	9.9839E-04
-2.2251E-04	9.5448E-04
-2.3719E-04	9.7437E-04
-1.8992E-04	9.5549E-04
-1.9396E-04	9.1476E-04
-2.0806E-04	9.3486E-04
-1.6349E-04	9.1224E-04
-1.6599E-04	8.7443E-04
-1.8000E-04	8.9472E-04
-1.3711E-04	8.6864E-04
-1.3776E-04	8.3298E-04
-1.5195E-04	8.5405E-04
-1.1018E-04	8.2335E-04
-1.2338E-04	8.1164E-04
-1.7413E-04	1.0426E-03
-1.8334E-04	9.9838E-04
-1.9662E-04	1.0209E-03
-1.5068E-04	9.9394E-04
-1.5840E-04	9.5242E-04
-1.7073E-04	9.7545E-04
-1.2838E-04	9.4549E-04
-1.3404E-04	9.0634E-04
-1.4623E-04	9.2949E-04
-1.0620E-04	8.9662E-04
-1.0951E-04	8.5905E-04
-1.2184E-04	8.8303E-04
-8.3394E-05	8.4644E-04
-9.6835E-05	8.3493E-04
-1.2536E-04	1.0800E-03
-1.3982E-04	1.0367E-03
-1.5069E-04	1.0621E-03
-1.0757E-04	1.0268E-03
-1.1952E-04	9.8598E-04
-1.2964E-04	1.0111E-03
-9.0449E-05	9.7444E-04
-9.9954E-05	9.3513E-04
-1.0981E-04	9.6049E-04
-7.3517E-05	9.2205E-04
-8.0023E-05	8.8387E-04
-9.0074E-05	9.0984E-04
-5.5952E-05	8.6877E-04
-6.9734E-05	8.5765E-04
-7.1020E-05	1.1078E-03
-9.1391E-05	1.0678E-03
-9.9125E-05	1.0953E-03
-5.9838E-05	1.0525E-03
-7.7166E-05	1.0139E-03
-8.4243E-05	1.0408E-03
-4.9272E-05	9.9834E-04
-6.3333E-05	9.6058E-04
-7.0284E-05	9.8717E-04
-3.8726E-05	9.4450E-04
-4.9272E-05	9.0681E-04
-5.6364E-05	9.3376E-04
-2.7830E-05	8.8989E-04
-4.2026E-05	8.7963E-04
-3.8226E-05	1.0890E-03
-4.1919E-05	1.1167E-03
-3.1053E-05	1.0349E-03
-3.4610E-05	1.0618E-03
-2.4075E-05	9.8114E-04
-2.7548E-05	1.0079E-03
-1.7071E-05	9.2723E-04
-2.0631E-05	9.5433E-04
-1.3595E-05	9.0010E-04
1.5617E-04	7.1433E-04
1.6055E-04	6.6969E-04
1.6494E-04	6.2504E-04
1.6932E-04	5.8039E-04
1.7371E-04	5.3575E-04
1.7810E-04	4.9110E-04
1.8248E-04	4.4646E-04
1.8687E-04	4.0181E-04
1.9125E-04	3.5717E-04
1.9564E-04	3.1252E-04
2.0002E-04	2.6787E-04
2.0441E-04	2.2323E-04
2.0879E-04	1.7858E-04
2.1318E-04	1.3394E-04
2.1756E-04	8.9291E-05
2.2195E-04	4.4646E-05
1.3060E-04	7.3365E-04
1.3423E-04	6.8780E-04
1.3785E-04	6.4194E-04
1.4148E-04	5.9609E-04
1.4510E-04	5.5024E-04
1.4873E-04	5.0438E-04
1.5235E-04	4.5853E-04
1.5598E-04	4.1268E-04
1.5961E-04	3.6682E-04
1.6323E-04	3.2097E-04
1.6686E-04	2.7512E-04
1.7048E-04	2.2927E-04
1.7411E-04	1.8341E-04
1.7773E-04	1.3756E-04
1.8136E-04	9.1706E-05
1.8499E-04	4.5853E-05
1.0503E-04	7.5297E-04
1.0790E-04	7.0591E-04
1.1076E-04	6.5885E-04
1.1363E-04	6.1179E-04
1.1649E-04	5.6473E-04
1.1936E-04	5.1767E-04
1.2223E-04	4.7061E-04
1.2509E-04	4.2355E-04
1.2796E-04	3.7648E-04
1.3083E-04	3.2942E-04
1.3369E-04	2.8236E-04
1.3656E-04	2.3530E-04
1.3942E-04	1.8824E-04
1.4229E-04	1.4118E-04
1.4516E-04	9.4121E-05
1.4802E-04	4.7061E-05
7.9460E-05	7.7229E-04
8.1567E-05	7.2402E-04
8.3673E-05	6.7575E-04
8.5780E-05	6.2748E-04
8.7887E-05	5.7922E-04
8.9993E-05	5.3095E-04
9.2100E-05	4.8268E-04
9.4207E-05	4.3441E-04
9.6313E-05	3.8614E-04
9.8420E-05	3.3788E-04
1.0053E-04	2.8961E-04
1.0263E-04	2.4134E-04
1.0474E-04	1.9307E-04
1.0685E-04	1.4480E-04
1.0895E-04	9.6536E-05
1.1106E-04	4.8268E-05
5.3890E-05	7.9161E-04
5.5237E-05	7.4213E-04
5.6584E-05	6.9266E-04
5.7932E-05	6.4318E-04
5.9279E-05	5.9371E-04
6.0626E-05	5.4423E-04
6.1973E-05	4.9475E-04
6.3320E-05	4.4528E-04
6.4667E-05	3.9580E-04
6.6014E-05	3.4633E-04
6.7361E-05	2.9685E-04
6.8709E-05	2.4738E-04
7.0056E-05	1.9790E-04
7.1403E-05	1.4843E-04
7.2750E-05	9.8951E-05
7.4097E-05	4.9475E-05
2.8320E-05	8.1093E-04
2.8908E-05	7.6024E-04
2.9496E-05	7.0956E-04
3.0083E-05	6.5888E-04
3.0671E-05	6.0819E-04
3.1258E-05	5.5751E-04
3.1846E-05	5.0683E-04
3.2434E-05	4.5615E-04
3.3021E-05	4.0546E-04
3.3609E-05	3.5478E-04
3.4196E-05	3.0410E-04
3.4784E-05	2.5341E-04
3.5372E-05	2.0273E-04
3.5959E-05	1.5205E-04
3.6547E-05	1.0137E-04
3.7135E-05	5.0683E-05
1.8653E-05	5.1287E-05
3.7428E-05	2.5341E-05
1.8757E-05	2.5643E-05
5.5616E-05	5.0079E-05
7.4771E-05	2.4738E-05
5.6100E-05	2.5040E-05
9.2578E-05	4.8872E-05
1.1211E-04	2.4134E-05
9.3442E-05	2.4436E-05
1.2954E-04	4.7664E-05
1.4946E-04	2.3530E-05
1.3078E-04	2.3832E-05
1.6650E-04	4.6457E-05
1.8680E-04	2.2927E-05
1.6813E-04	2.3228E-05
2.0347E-04	4.5249E-05
2.2414E-04	2.2323E-05
2.0547E-04	2.2625E-05
2.4043E-04	4.4042E-05
2.4281E-04	2.2021E-05
1.8445E-05	1.0257E-04
3.6841E-05	7.6024E-05
1.8549E-05	7.6930E-05
5.4648E-05	1.0016E-04
7.3424E-05	7.4213E-05
5.5132E-05	7.5119E-05
9.0852E-05	9.7743E-05
1.1001E-04	7.2402E-05
9.1715E-05	7.3308E-05
1.2705E-04	9.5329E-05
1.4659E-04	7.0591E-05
1.2830E-04	7.1496E-05
1.6326E-04	9.2914E-05
1.8317E-04	6.8780E-05
1.6488E-04	6.9685E-05
1.9946E-04	9.0499E-05
2.1976E-04	6.6969E-05
2.0146E-04	6.7874E-05
2.3566E-04	8.8084E-05
2.3805E-04	6.6063E-05
1.8238E-05	1.5386E-04
3.6253E-05	1.2671E-04
1.8341E-05	1.2822E-04
5.3681E-05	1.5024E-04
7.2076E-05	1.2369E-04
5.4165E-05	1.2520E-04
8.9125E-05	1.4662E-04
1.0790E-04	1.2067E-04
8.9988E-05	1.2218E-04
1.2457E-04	1.4299E-04
1.4372E-04	1.1765E-04
1.2581E-04	1.1916E-04
1.6001E-04	1.3937E-04
1.7955E-04	1.1463E-04
1.6163E-04	1.1614E-04
1.9546E-04	1.3575E-04
2.1537E-04	1.1161E-04
1.9746E-04	1.1312E-04
2.3090E-04	1.3213E-04
2.3328E-04	1.1010E-04
1.8030E-05	2.0515E-04
3.5666E-05	1.7739E-04
1.8134E-05	1.7950E-04
5.2714E-05	2.0032E-04
7.0729E-05	1.7316E-04
5.3197E-05	1.7528E-04
8.7398E-05	1.9549E-04
1.0579E-04	1.6894E-04
8.8261E-05	1.7105E-04
1.2208E-04	1.9066E-04
1.4086E-04	1.6471E-04
1.2333E-04	1.6682E-04
1.5677E-04	1.8583E-04
1.7592E-04	1.6049E-04
1.5839E-04	1.6260E-04
1.9145E-04	1.8100E-04
2.1098E-04	1.5626E-04
1.9345E-04	1.5837E-04
2.2613E-04	1.7617E-04
2.2852E-04	1.5415E-04
1.7822E-05	2.5643E-04
3.5078E-05	2.2807E-04
1.7926E-05	2.3079E-04
5.1746E-05	2.5040E-04
6.9382E-05	2.2264E-04
5.2230E-05	2.2536E-04
8.5671E-05	2.4436E-04
1.0369E-04	2.1721E-04
8.6534E-05	2.1992E-04
1.1960E-04	2.3832E-04
1.3799E-04	2.1177E-04
1.2084E-04	2.1449E-04
1.5352E-04	2.3228E-04
1.7230E-04	2.0634E-04
1.5514E-04	2.0906E-04
1.8744E-04	2.2625E-04
2.0660E-04	2.0091E-04
1.8945E-04	2.0362E-04
2.2137E-04	2.2021E-04
2.2375E-04	1.9819E-04
1.7614E-05	3.0772E-04
3.4490E-05	2.7876E-04
1.7718E-05	2.8208E-04
5.0779E-05	3.0047E-04
6.8035E-05	2.7211E-04
5.1263E-05	2.7544E-04
8.3944E-05	2.9323E-04
1.0158E-04	2.6547E-04
8.4807E-05	2.6879E-04
1.1711E-04	2.8599E-04
1.3512E-04	2.5883E-04
1.1835E-04	2.6215E-04
1.5027E-04	2.7874E-04
1.6867E-04	2.5219E-04
1.5190E-04	2.5551E-04
1.8344E-04	2.7150E-04
2.0221E-04	2.4555E-04
1.8544E-04	2.4887E-04
2.1660E-04	2.6425E-04
2.1899E-04	2.4223E-04
1.7406E-05	3.5901E-04
3.3903E-05	3.2944E-04
1.7510E-05	3.3336E-04
4.9812E-05	3.5055E-04
6.6688E-05	3.2159E-04
5.0295E-05	3.2551E-04
8.2217E-05	3.4210E-04
9.9473E-05	3.1374E-04
8.3081E-05	3.1767E-04
1.1462E-04	3.3365E-04
1.3226E-04	3.0589E-04
1.1587E-04	3.0982E-04
1.4703E-04	3.2520E-04
1.6504E-04	2.9805E-04
1.4865E-04	3.0197E-04
1.7943E-04	3.1675E-04
1.9783E-04	2.9020E-04
1.8144E-04	2.9412E-04
2.1184E-04	3.0829E-04
2.1422E-04	2.8627E-04
1.7198E-05	4.1029E-04
3.3315E-05	3.8012E-04
1.7302E-05	3.8465E-04
4.8844E-05	4.0063E-04
6.5341E-05	3.7107E-04
4.9328E-05	3.7559E-04
8.0490E-05	3.9097E-04
9.7367E-05	3.6201E-04
8.1354E-05	3.6654E-04
1.1214E-04	3.8131E-04
1.2939E-04	3.5295E-04
1.1338E-04	3.5748E-04
1.4378E-04	3.7165E-04
1.6142E-04	3.4390E-04
1.4541E-04	3.4843E-04
1.7543E-04	3.6200E-04
1.9344E-04	3.3484E-04
1.7743E-04	3.3937E-04
2.0707E-04	3.5234E-04
2.0946E-04	3.3031E-04
1.6990E-05	4.6158E-04
3.2727E-05	4.3080E-04
1.7094E-05	4.3594E-04
4.7877E-05	4.5071E-04
6.3994E-05	4.2054E-04
4.8361E-05	4.2567E-04
7.8763E-05	4.3985E-04
9.5260E-05	4.1028E-04
7.9627E-05	4.1541E-04
1.0965E-04	4.2898E-04
1.2653E-04	4.0001E-04
1.1089E-04	4.0515E-04
1.4054E-04	4.1811E-04
1.5779E-04	3.8975E-04
1.4216E-04	3.9488E-04
1.7142E-04	4.0724E-04
1.8906E-04	3.7949E-04
1.7343E-04	3.8462E-04
2.0231E-04	3.9638E-04
2.0469E-04	3.7436E-04
1.6783E-05	5.1287E-04
3.2140E-05	4.8149E-04
1.6886E-05	4.8722E-04
4.6909E-05	5.0079E-04
6.2647E-05	4.7002E-04
4.7393E-05	4.7575E-04
7.7036E-05	4.8872E-04
9.3153E-05	4.5855E-04
7.7900E-05	4.6428E-04
1.0716E-04	4.7664E-04
1.2366E-04	4.4708E-04
1.0841E-04	4.5281E-04
1.3729E-04	4.6457E-04
1.5417E-04	4.3560E-04
1.3891E-04	4.4134E-04
1.6742E-04	4.5249E-04
1.8467E-04	4.2413E-04
1.6942E-04	4.2987E-04
1.9754E-04	4.4042E-04
1.9993E-04	4.1840E-04
1.6575E-05	5.6415E-04
3.1552E-05	5.3217E-04
1.6679E-05	5.3851E-04
4.5942E-05	5.5087E-04
6.1299E-05	5.1949E-04
4.6426E-05	5.2583E-04
7.5310E-05	5.3759E-04
9.1047E-05	5.0681E-04
7.6173E-05	5.1315E-04
1.0468E-04	5.2431E-04
1.2079E-04	4.9414E-04
1.0592E-04	5.0047E-04
1.3404E-04	5.1103E-04
1.5054E-04	4.8146E-04
1.3567E-04	4.8780E-04
1.6341E-04	4.9774E-04
1.8029E-04	4.6878E-04
1.6541E-04	4.7512E-04
1.9278E-04	4.8446E-04
1.9516E-04	4.6244E-04
1.6367E-05	6.1544E-04
3.0965E-05	5.8285E-04
1.6471E-05	5.8980E-04
4.4975E-05	6.0095E-04
5.9952E-05	5.6897E-04
4.5458E-05	5.7591E-04
7.3583E-05	5.8646E-04
8.8940E-05	5.5508E-04
7.4446E-05	5.6202E-04
1.0219E-04	5.7197E-04
1.1793E-04	5.4120E-04
1.0343E-04	5.4814E-04
1.3080E-04	5.5748E-04
1.4692E-04	5.2731E-04
1.3242E-04	5.3425E-04
1.5941E-04	5.4299E-04
1.7590E-04	5.1343E-04
1.6141E-04	5.2037E-04
1.8801E-04	5.2850E-04
1.9040E-04	5.0648E-04
1.6159E-05	6.6673E-04
3.0377E-05	6.3354E-04
1.6263E-05	6.4108E-04
4.4007E-05	6.5103E-04
5.8605E-05	6.1844E-04
4.4491E-05	6.2599E-04
7.1856E-05	6.3533E-04
8.6833E-05	6.0335E-04
7.2719E-05	6.1090E-04
9.9704E-05	6.1964E-04
1.1506E-04	5.8826E-04
1.0095E-04	5.9580E-04
1.2755E-04	6.0394E-04
1.4329E-04	5.7316E-04
1.2918E-04	5.8071E-04
1.5540E-04	5.8824E-04
1.7152E-04	5.5807E-04
1.5740E-04	5.6562E-04
1.8325E-04	5.7255E-04
1.8563E-04	5.5052E-04
1.5951E-05	7.1801E-04
2.9789E-05	6.8422E-04
1.6055E-05	6.9237E-04
4.3040E-05	7.0111E-04
5.7258E-05	6.6792E-04
4.3524E-05	6.7607E-04
7.0129E-05	6.8420E-04
8.4727E-05	6.5162E-04
7.0992E-05	6.5977E-04
9.7218E-05	6.6730E-04
1.1220E-04	6.3532E-04
9.8461E-05	6.4347E-04
1.2431E-04	6.5040E-04
1.3966E-04	6.1902E-04
1.2593E-04	6.2717E-04
1.5140E-04	6.3349E-04
1.6713E-04	6.0272E-04
1.5340E-04	6.1087E-04
1.7848E-04	6.1659E-04
1.8087E-04	5.9457E-04
1.5743E-05	7.6930E-04
2.9202E-05	7.3490E-04
1.5847E-05	7.4366E-04
4.2073E-05	7.5119E-04
5.5911E-05	7.1739E-04
4.2556E-05	7.2615E-04
6.8402E-05	7.3308E-04
8.2620E-05	6.9989E-04
6.9265E-05	7.0864E-04
9.4731E-05	7.1496E-04
1.0933E-04	6.8238E-04
9.5974E-05	6.9113E-04
1.2106E-04	6.9685E-04
1.3604E-04	6.6487E-04
1.2268E-04	6.7362E-04
1.4739E-04	6.7874E-04
1.6275E-04	6.4736E-04
1.4939E-04	6.5612E-04
1.7372E-04	6.6063E-04
1.7610E-04	6.3861E-04
1.5535E-05	8.2059E-04
2.8614E-05	7.8558E-04
1.5639E-05	7.9494E-04
4.1105E-05	8.0127E-04
5.4564E-05	7.6687E-04
4.1589E-05	7.7623E-04
6.6675E-05	7.8195E-04
8.0513E-05	7.4815E-04
6.7538E-05	7.5751E-04
9.2245E-05	7.6263E-04
1.0646E-04	7.2944E-04
9.3488E-05	7.3880E-04
1.1781E-04	7.4331E-04
1.3241E-04	7.1072E-04
1.1944E-04	7.2008E-04
1.4338E-04	7.2399E-04
1.5836E-04	6.9201E-04
1.4539E-04	7.0137E-04
1.6895E-04	7.0467E-04
1.7134E-04	6.8265E-04
2.8027E-05	8.3627E-04
1.5432E-05	8.4623E-04
5.3217E-05	8.1634E-04
4.0622E-05	8.2631E-04
7.8407E-05	7.9642E-04
6.5812E-05	8.0638E-04
1.0360E-04	7.7650E-04
9.1002E-05	7.8646E-04
1.2879E-04	7.5658E-04
1.1619E-04	7.6654E-04
1.5398E-04	7.3665E-04
1.4138E-04	7.4662E-04
1.6657E-04	7.2669E-04
-2.2770E-05	8.1093E-04
-2.3652E-05	7.6024E-04
-2.4535E-05	7.0956E-04
-2.5417E-05	6.5888E-04
-2.6299E-05	6.0819E-04
-2.7182E-05	5.5751E-04
-2.8064E-05	5.0683E-04
-2.8946E-05	4.5615E-04
-2.9829E-05	4.0546E-04
-3.0711E-05	3.5478E-04
-3.1593E-05	3.0410E-04
-3.2476E-05	2.5341E-04
-3.3358E-05	2.0273E-04
-3.4240E-05	1.5205E-04
-3.5123E-05	1.0137E-04
-3.6005E-05	5.0683E-05
-4.8291E-05	7.9161E-04
-4.9883E-05	7.4213E-04
-5.1476E-05	6.9266E-04
-5.3069E-05	6.4318E-04
-5.4662E-05	5.9371E-04
-5.6254E-05	5.4423E-04
-5.7847E-05	4.9475E-04
-5.9440E-05	4.4528E-04
-6.1033E-05	3.9580E-04
-6.2625E-05	3.4633E-04
-6.4218E-05	2.9685E-04
-6.5811E-05	2.4738E-04
-6.7403E-05	1.9790E-04
-6.8996E-05	1.4843E-04
-7.0589E-05	9.8951E-05
-7.2182E-05	4.9475E-05
-7.3811E-05	7.7229E-04
-7.6115E-05	7.2402E-04
-7.8418E-05	6.7575E-04
-8.0721E-05	6.2748E-04
-8.3024E-05	5.7922E-04
-8.5327E-05	5.3095E-04
-8.7630E-05	4.8268E-04
-8.9933E-05	4.3441E-04
-9.2236E-05	3.8614E-04
-9.4540E-05	3.3788E-04
-9.6843E-05	2.8961E-04
-9.9146E-05	2.4134E-04
-1.0145E-04	1.9307E-04
-1.0375E-04	1.4480E-04
-1.0606E-04	9.6536E-05
-1.0836E-04	4.8268E-05
-9.9332E-05	7.5297E-04
-1.0235E-04	7.0591E-04
-1.0536E-04	6.5885E-04
-1.0837E-04	6.1179E-04
-1.1139E-04	5.6473E-04
-1.1440E-04	5.1767E-04
-1.1741E-04	4.7061E-04
-1.2043E-04	4.2355E-04
-1.2344E-04	3.7648E-04
-1.2645E-04	3.2942E-04
-1.2947E-04	2.8236E-04
-1.3248E-04	2.3530E-04
-1.3549E-04	1.8824E-04
-1.3851E-04	1.4118E-04
-1.4152E-04	9.4121E-05
-1.4454E-04	4.7061E-05
-1.2485E-04	7.3365E-04
-1.2858E-04	6.8780E-04
-1.3230E-04	6.4194E-04
-1.3602E-04	5.9609E-04
-1.3975E-04	5.5024E-04
-1.4347E-04	5.0438E-04
-1.4720E-04	4.5853E-04
-1.5092E-04	4.1268E-04
-1.5464E-04	3.6682E-04
-1.5837E-04	3.2097E-04
-1.6209E-04	2.7512E-04
-1.6582E-04	2.2927E-04
-1.6954E-04	1.8341E-04
-1.7326E-04	1.3756E-04
-1.7699E-04	9.1706E-05
-1.8071E-04	4.5853E-05
-1.5037E-04	7.1433E-04
-1.5481E-04	6.6969E-04
-1.5924E-04	6.2504E-04
-1.6368E-04	5.8039E-04
-1.6811E-04	5.3575E-04
-1.7255E-04	4.9110E-04
-1.7698E-04	4.4646E-04
-1.8141E-04	4.0181E-04
-1.8585E-04	3.5717E-04
-1.9028E-04	3.1252E-04
-1.9472E-04	2.6787E-04
-1.9915E-04	2.2323E-04
-2.0359E-04	1.7858E-04
-2.0802E-04	1.3394E-04
-2.1245E-04	8.9291E-05
-2.1689E-04	4.4646E-05
-2.3498E-04	4.4042E-05
-2.1911E-04	2.2323E-05
-2.3737E-04	2.2021E-05
-1.9880E-04	4.5249E-05
-1.8257E-04	2.2927E-05
-2.0084E-04	2.2625E-05
-1.6262E-04	4.6457E-05
-1.4604E-04	2.3530E-05
-1.6431E-04	2.3228E-05
-1.2645E-04	4.7664E-05
-1.0951E-04	2.4134E-05
-1.2778E-04	2.3832E-05
-9.0270E-05	4.8872E-05
-7.2978E-05	2.4738E-05
-9.1244E-05	2.4436E-05
-5.4093E-05	5.0079E-05
-3.6446E-05	2.5341E-05
-5.4712E-05	2.5040E-05
-1.7916E-05	5.1287E-05
-1.8180E-05	2.5643E-05
-2.3019E-04	8.8084E-05
-2.1467E-04	6.6969E-05
-2.3258E-04	6.6063E-05
-1.9472E-04	9.0499E-05
-1.7885E-04	6.8780E-05
-1.9676E-04	6.7874E-05
-1.5925E-04	9.2914E-05
-1.4303E-04	7.0591E-05
-1.6094E-04	6.9685E-05
-1.2379E-04	9.5329E-05
-1.0721E-04	7.2402E-05
-1.2512E-04	7.1496E-05
-8.8322E-05	9.7743E-05
-7.1385E-05	7.4213E-05
-8.9296E-05	7.3308E-05
-5.2856E-05	1.0016E-04
-3.5564E-05	7.6024E-05
-5.3474E-05	7.5119E-05
-1.7389E-05	1.0257E-04
-1.7653E-05	7.6930E-05
-2.2540E-04	1.3213E-04
-2.1024E-04	1.1161E-04
-2.2779E-04	1.1010E-04
-1.9064E-04	1.3575E-04
-1.7513E-04	1.1463E-04
-1.9268E-04	1.1312E-04
-1.5589E-04	1.3937E-04
-1.4001E-04	1.1765E-04
-1.5757E-04	1.1614E-04
-1.2113E-04	1.4299E-04
-1.0490E-04	1.2067E-04
-1.2246E-04	1.1916E-04
-8.6374E-05	1.4662E-04
-6.9792E-05	1.2369E-04
-8.7348E-05	1.2218E-04
-5.1618E-05	1.5024E-04
-3.4681E-05	1.2671E-04
-5.2237E-05	1.2520E-04
-1.6862E-05	1.5386E-04
-1.7126E-05	1.2822E-04
-2.2061E-04	1.7617E-04
-2.0580E-04	1.5626E-04
-2.2300E-04	1.5415E-04
-1.8656E-04	1.8100E-04
-1.7140E-04	1.6049E-04
-1.8860E-04	1.5837E-04
-1.5252E-04	1.8583E-04
-1.3700E-04	1.6471E-04
-1.5420E-04	1.6260E-04
-1.1847E-04	1.9066E-04
-1.0260E-04	1.6894E-04
-1.1980E-04	1.6682E-04
-8.4426E-05	1.9549E-04
-6.8200E-05	1.7316E-04
-8.5400E-05	1.7105E-04
-5.0381E-05	2.0032E-04
-3.3799E-05	1.7739E-04
-5.0999E-05	1.7528E-04
-1.6335E-05	2.0515E-04
-1.6599E-05	1.7950E-04
-2.1582E-04	2.2021E-04
-2.0137E-04	2.0091E-04
-2.1821E-04	1.9819E-04
-1.8248E-04	2.2625E-04
-1.6768E-04	2.0634E-04
-1.8452E-04	2.0362E-04
-1.4915E-04	2.3228E-04
-1.3399E-04	2.1177E-04
-1.5083E-04	2.0906E-04
-1.1581E-04	2.3832E-04
-1.0030E-04	2.1721E-04
-1.1714E-04	2.1449E-04
-8.2478E-05	2.4436E-04
-6.6607E-05	2.2264E-04
-8.3452E-05	2.1992E-04
-4.9143E-05	2.5040E-04
-3.2917E-05	2.2807E-04
-4.9762E-05	2.2536E-04
-1.5808E-05	2.5643E-04
-1.6072E-05	2.3079E-04
-2.1103E-04	2.6425E-04
-1.9693E-04	2.4555E-04
-2.1342E-04	2.4223E-04
-1.7840E-04	2.7150E-04
-1.6395E-04	2.5219E-04
-1.8044E-04	2.4887E-04
-1.4578E-04	2.7874E-04
-1.3097E-04	2.5883E-04
-1.4746E-04	2.5551E-04
-1.1316E-04	2.8599E-04
-9.7994E-05	2.6547E-04
-1.1448E-04	2.6215E-04
-8.0530E-05	2.9323E-04
-6.5014E-05	2.7211E-04
-8.1504E-05	2.6879E-04
-4.7906E-05	3.0047E-04
-3.2034E-05	2.7876E-04
-4.8524E-05	2.7544E-04
-1.5281E-05	3.0772E-04
-1.5544E-05	2.8208E-04
-2.0624E-04	3.0829E-04
-1.9250E-04	2.9020E-04
-2.0863E-04	2.8627E-04
-1.7433E-04	3.1675E-04
-1.6023E-04	2.9805E-04
-1.7636E-04	2.9412E-04
-1.4241E-04	3.2520E-04
-1.2796E-04	3.0589E-04
-1.4410E-04	3.0197E-04
-1.1050E-04	3.3365E-04
-9.5691E-05	3.1374E-04
-1.1183E-04	3.0982E-04
-7.8582E-05	3.4210E-04
-6.3422E-05	3.2159E-04
-7.9556E-05	3.1767E-04
-4.6668E-05	3.5055E-04
-3.1152E-05	3.2944E-04
-4.7287E-05	3.2551E-04
-1.4754E-05	3.5901E-04
-1.5017E-05	3.3336E-04
-2.0145E-04	3.5234E-04
-1.8807E-04	3.3484E-04
-2.0384E-04	3.3031E-04
-1.7025E-04	3.6200E-04
-1.5651E-04	3.4390E-04
-1.7229E-04	3.3937E-04
-1.3904E-04	3.7165E-04
-1.2495E-04	3.5295E-04
-1.4073E-04	3.4843E-04
-1.0784E-04	3.8131E-04
-9.3388E-05	3.6201E-04
-1.0917E-04	3.5748E-04
-7.6634E-05	3.9097E-04
-6.1829E-05	3.7107E-04
-7.7608E-05	3.6654E-04
-4.5431E-05	4.0063E-04
-3.0270E-05	3.8012E-04
-4.6049E-05	3.7559E-04
-1.4227E-05	4.1029E-04
-1.4490E-05	3.8465E-04
-1.9666E-04	3.9638E-04
-1.8363E-04	3.7949E-04
-1.9906E-04	3.7436E-04
-1.6617E-04	4.0724E-04
-1.5278E-04	3.8975E-04
-1.6821E-04	3.8462E-04
-1.3567E-04	4.1811E-04
-1.2193E-04	4.0001E-04
-1.3736E-04	3.9488E-04
-1.0518E-04	4.2898E-04
-9.1085E-05	4.1028E-04
-1.0651E-04	4.0515E-04
-7.4687E-05	4.3985E-04
-6.0236E-05	4.2054E-04
-7.5661E-05	4.1541E-04
-4.4193E-05	4.5071E-04
-2.9387E-05	4.3080E-04
-4.4812E-05	4.2567E-04
-1.3700E-05	4.6158E-04
-1.3963E-05	4.3594E-04
-1.9187E-04	4.4042E-04
-1.7920E-04	4.2413E-04
-1.9427E-04	4.1840E-04
-1.6209E-04	4.5249E-04
-1.4906E-04	4.3560E-04
-1.6413E-04	4.2987E-04
-1.3230E-04	4.6457E-04
-1.1892E-04	4.4708E-04
-1.3399E-04	4.4134E-04
-1.0252E-04	4.7664E-04
-8.8782E-05	4.5855E-04
-1.0385E-04	4.5281E-04
-7.2739E-05	4.8872E-04
-5.8643E-05	4.7002E-04
-7.3713E-05	4.6428E-04
-4.2956E-05	5.0079E-04
-2.8505E-05	4.8149E-04
-4.3574E-05	4.7575E-04
-1.3172E-05	5.1287E-04
-1.3436E-05	4.8722E-04
-1.8708E-04	4.8446E-04
-1.7476E-04	4.6878E-04
-1.8948E-04	4.6244E-04
-1.5801E-04	4.9774E-04
-1.4533E-04	4.8146E-04
-1.6005E-04	4.7512E-04
-1.2894E-04	5.1103E-04
-1.1591E-04	4.9414E-04
-1.3062E-04	4.8780E-04
-9.9863E-05	5.2431E-04
-8.6479E-05	5.0681E-04
-1.0119E-04	5.0047E-04
-7.0791E-05	5.3759E-04
-5.7051E-05	5.1949E-04
-7.1765E-05	5.1315E-04
-4.1718E-05	5.5087E-04
-2.7623E-05	5.3217E-04
-4.2337E-05	5.2583E-04
-1.2645E-05	5.6415E-04
-1.2909E-05	5.3851E-04
-1.8229E-04	5.2850E-04
-1.7033E-04	5.1343E-04
-1.8469E-04	5.0648E-04
-1.5393E-04	5.4299E-04
-1.4161E-04	5.2731E-04
-1.5597E-04	5.2037E-04
-1.2557E-04	5.5748E-04
-1.1289E-04	5.4120E-04
-1.2725E-04	5.3425E-04
-9.7205E-05	5.7197E-04
-8.4175E-05	5.5508E-04
-9.8534E-05	5.4814E-04
-6.8843E-05	5.8646E-04
-5.5458E-05	5.6897E-04
-6.9817E-05	5.6202E-04
-4.0480E-05	6.0095E-04
-2.6741E-05	5.8285E-04
-4.1099E-05	5.7591E-04
-1.2118E-05	6.1544E-04
-1.2382E-05	5.8980E-04
-1.7750E-04	5.7255E-04
-1.6589E-04	5.5807E-04
-1.7990E-04	5.5052E-04
-1.4985E-04	5.8824E-04
-1.3789E-04	5.7316E-04
-1.5189E-04	5.6562E-04
-1.2220E-04	6.0394E-04
-1.0988E-04	5.8826E-04
-1.2388E-04	5.8071E-04
-9.4547E-05	6.1964E-04
-8.1872E-05	6.0335E-04
-9.5876E-05	5.9580E-04
-6.6895E-05	6.3533E-04
-5.3865E-05	6.1844E-04
-6.7869E-05	6.1090E-04
-3.9243E-05	6.5103E-04
-2.5858E-05	6.3354E-04
-3.9862E-05	6.2599E-04
-1.1591E-05	6.6673E-04
-1.1855E-05	6.4108E-04
-1.7271E-04	6.1659E-04
-1.6146E-04	6.0272E-04
-1.7511E-04	5.9457E-04
-1.4577E-04	6.3349E-04
-1.3416E-04	6.1902E-04
-1.4781E-04	6.1087E-04
-1.1883E-04	6.5040E-04
-1.0687E-04	6.3532E-04
-1.2051E-04	6.2717E-04
-9.1888E-05	6.6730E-04
-7.9569E-05	6.5162E-04
-9.3218E-05	6.4347E-04
-6.4947E-05	6.8420E-04
-5.2273E-05	6.6792E-04
-6.5921E-05	6.5977E-04
-3.8005E-05	7.0111E-04
-2.4976E-05	6.8422E-04
-3.8624E-05	6.7607E-04
-1.1064E-05	7.1801E-04
-1.1328E-05	6.9237E-04
-1.6792E-04	6.6063E-04
-1.5702E-04	6.4736E-04
-1.7032E-04	6.3861E-04
-1.4169E-04	6.7874E-04
-1.3044E-04	6.6487E-04
-1.4373E-04	6.5612E-04
-1.1546E-04	6.9685E-04
-1.0385E-04	6.8238E-04
-1.1715E-04	6.7362E-04
-8.9230E-05	7.1496E-04
-7.7266E-05	6.9989E-04
-9.0559E-05	6.9113E-04
-6.2999E-05	7.3308E-04
-5.0680E-05	7.1739E-04
-6.3973E-05	7.0864E-04
-3.6768E-05	7.5119E-04
-2.4094E-05	7.3490E-04
-3.7387E-05	7.2615E-04
-1.0537E-05	7.6930E-04
-1.0800E-05	7.4366E-04
-1.6313E-04	7.0467E-04
-1.5259E-04	6.9201E-04
-1.6553E-04	6.8265E-04
-1.3761E-04	7.2399E-04
-1.2671E-04	7.1072E-04
-1.3965E-04	7.0137E-04
-1.1209E-04	7.4331E-04
-1.0084E-04	7.2944E-04
-1.1378E-04	7.2008E-04
-8.6572E-05	7.6263E-04
-7.4963E-05	7.4815E-04
-8.7901E-05	7.3880E-04
-6.1051E-05	7.8195E-04
-4.9087E-05	7.6687E-04
-6.2025E-05	7.5751E-04
-3.5530E-05	8.0127E-04
-2.3211E-05	7.8558E-04
-3.6149E-05	7.7623E-04
-1.0010E-05	8.2059E-04
-1.0273E-05	7.9494E-04
-1.4816E-04	7.3665E-04
-1.6074E-04	7.2669E-04
-1.2299E-04	7.5658E-04
-1.3557E-04	7.4662E-04
-9.7825E-05	7.7650E-04
-1.1041E-04	7.6654E-04
-7.2660E-05	7.9642E-04
-8.5243E-05	7.8646E-04
-4.7494E-05	8.1634E-04
-6.0077E-05	8.0638E-04
-2.2329E-05	8.3627E-04
-3.4912E-05	8.2631E-04
-9.7462E-06	8.4623E-04
1.5617E-04	-7.1433E-04
1.3060E-04	-7.3365E-04
1.0503E-04	-7.5297E-04
7.9460E-05	-7.7229E-04
5.3890E-05	-7.9161E-04
2.8320E-05	-8.1093E-04
1.6055E-04	-6.6969E-04
1.3423E-04	-6.8780E-04
1.0790E-04	-7.0591E-04
8.1567E-05	-7.2402E-04
5.5237E-05	-7.4213E-04
2.8908E-05	-7.6024E-04
1.6494E-04	-6.2504E-04
1.3785E-04	-6.4194E-04
1.1076E-04	-6.5885E-04
8.3673E-05	-6.7575E-04
5.6584E-05	-6.9266E-04
2.9496E-05	-7.0956E-04
1.6932E-04	-5.8039E-04
1.4148E-04	-5.9609E-04
1.1363E-04	-6.1179E-04
8.5780E-05	-6.2748E-04
5.7932E-05	-6.4318E-04
3.0083E-05	-6.5888E-04
1.7371E-04	-5.3575E-04
1.4510E-04	-5.5024E-04
1.1649E-04	-5.6473E-04
8.7887E-05	-5.7922E-04
5.9279E-05	-5.9371E-04
3.0671E-05	-6.0819E-04
1.7810E-04	-4.9110E-04
1.4873E-04	-5.0438E-04
1.1936E-04	-5.1767E-04
8.9993E-05	-5.3095E-04
6.0626E-05	-5.4423E-04
3.1258E-05	-5.5751E-04
1.8248E-04	-4.4646E-04
1.5235E-04	-4.5853E-04
1.2223E-04	-4.7061E-04
9.2100E-05	-4.8268E-04
6.1973E-05	-4.9475E-04
3.1846E-05	-5.0683E-04
1.8687E-04	-4.0181E-04
1.5598E-04	-4.1268E-04
1.2509E-04	-4.2355E-04
9.4207E-05	-4.3441E-04
6.3320E-05	-4.4528E-04
3.2434E-05	-4.5615E-04
1.9125E-04	-3.5717E-04
1.5961E-04	-3.6682E-04
1.2796E-04	-3.7648E-04
9.6313E-05	-3.8614E-04
6.4667E-05	-3.9580E-04
3.3021E-05	-4.0546E-04
1.9564E-04	-3.1252E-04
1.6323E-04	-3.2097E-04
1.3083E-04	-3.2942E-04
9.8420E-05	-3.3788E-04
6.6014E-05	-3.4633E-04
3.3609E-05	-3.5478E-04
2.0002E-04	-2.6787E-04
1.6686E-04	-2.7512E-04
1.3369E-04	-2.8236E-04
1.0053E-04	-2.8961E-04
6.7361E-05	-2.9685E-04
3.4196E-05	-3.0410E-04
2.0441E-04	-2.2323E-04
1.7048E-04	-2.2927E-04
1.3656E-04	-2.3530E-04
1.0263E-04	-2.4134E-04
6.8709E-05	-2.4738E-04
3.4784E-05	-2.5341E-04
2.0879E-04	-1.7858E-04
1.7411E-04	-1.8341E-04
1.3942E-04	-1.8824E-04
1.0474E-04	-1.9307E-04
7.0056E-05	-1.9790E-04
3.5372E-05	-2.0273E-04
2.1318E-04	-1.3394E-04
1.7773E-04	-1.3756E-04
1.4229E-04	-1.4118E-04
1.0685E-04	-1.4480E-04
7.1403E-05	-1.4843E-04
3.5959E-05	-1.5205E-04
2.1756E-04	-8.9291E-05
1.8136E-04	-9.1706E-05
1.4516E-04	-9.4121E-05
1.0895E-04	-9.6536E-05
7.2750E-05	-9.8951E-05
3.6547E-05	-1.0137E-04
2.2195E-04	-4.4646E-05
1.8499E-04	-4.5853E-05
1.4802E-04	-4.7061E-05
1.1106E-04	-4.8268E-05
7.4097E-05	-4.9475E-05
3.7135E-05	-5.0683E-05
3.7428E-05	-2.5341E-05
1.8653E-05	-5.1287E-05
1.8757E-05	-2.5643E-05
3.6841E-05	-7.6024E-05
1.8445E-05	-1.0257E-04
1.8549E-05	-7.6930E-05
3.6253E-05	-1.2671E-04
1.8238E-05	-1.5386E-04
1.8341E-05	-1.2822E-04
3.5666E-05	-1.7739E-04
1.8030E-05	-2.0515E-04
1.8134E-05	-1.7950E-04
3.5078E-05	-2.2807E-04
1.7822E-05	-2.5643E-04
1.7926E-05	-2.3079E-04
3.4490E-05	-2.7876E-04
1.7614E-05	-3.0772E-04
1.7718E-05	-2.8208E-04
3.3903E-05	-3.2944E-04
1.7406E-05	-3.5901E-04
1.7510E-05	-3.3336E-04
3.3315E-05	-3.8012E-04
1.7198E-05	-4.1029E-04
1.7302E-05	-3.8465E-04
3.2727E-05	-4.3080E-04
1.6990E-05	-4.6158E-04
1.7094E-05	-4.3594E-04
3.2140E-05	-4.8149E-04
1.6783E-05	-5.1287E-04
1.6886E-05	-4.8722E-04
3.1552E-05	-5.3217E-04
1.6575E-05	-5.6415E-04
1.6679E-05	-5.3851E-04
3.0965E-05	-5.8285E-04
1.6367E-05	-6.1544E-04
1.6471E-05	-5.8980E-04
3.0377E-05	-6.3354E-04
1.6159E-05	-6.6673E-04
1.6263E-05	-6.4108E-04
2.9789E-05	-6.8422E-04
1.5951E-05	-7.1801E-04
1.6055E-05	-6.9237E-04
2.9202E-05	-7.3490E-04
1.5743E-05	-7.6930E-04
1.5847E-05	-7.4366E-04
2.8614E-05	-7.8558E-04
1.5535E-05	-8.2059E-04
1.5639E-05	-7.9494E-04
2.8027E-05	-8.3627E-04
1.5432E-05	-8.4623E-04
7.4771E-05	-2.4738E-05
5.5616E-05	-5.0079E-05
5.6100E-05	-2.5040E-05
7.3424E-05	-7.4213E-05
5.4648E-05	-1.0016E-04
5.5132E-05	-7.5119E-05
7.2076E-05	-1.2369E-04
5.3681E-05	-1.5024E-04
5.4165E-05	-1.2520E-04
7.0729E-05	-1.7316E-04
5.2714E-05	-2.0032E-04
5.3197E-05	-1.7528E-04
6.9382E-05	-2.2264E-04
5.1746E-05	-2.5040E-04
5.2230E-05	-2.2536E-04
6.8035E-05	-2.7211E-04
5.0779E-05	-3.0047E-04
5.1263E-05	-2.7544E-04
6.6688E-05	-3.2159E-04
4.9812E-05	-3.5055E-04
5.0295E-05	-3.2551E-04
6.5341E-05	-3.7107E-04
4.8844E-05	-4.0063E-04
4.9328E-05	-3.7559E-04
6.3994E-05	-4.2054E-04
4.7877E-05	-4.5071E-04
4.8361E-05	-4.2567E-04
6.2647E-05	-4.7002E-04
4.6909E-05	-5.0079E-04
4.7393E-05	-4.7575E-04
6.1299E-05	-5.1949E-04
4.5942E-05	-5.5087E-04
4.6426E-05	-5.2583E-04
5.9952E-05	-5.6897E-04
4.4975E-05	-6.0095E-04
4.5458E-05	-5.7591E-04
5.8605E-05	-6.1844E-04
4.4007E-05	-6.5103E-04
4.4491E-05	-6.2599E-04
5.7258E-05	-6.6792E-04
4.3040E-05	-7.0111E-04
4.3524E-05	-6.7607E-04
5.5911E-05	-7.1739E-04
4.2073E-05	-7.5119E-04
4.2556E-05	-7.2615E-04
5.4564E-05	-7.6687E-04
4.1105E-05	-8.0127E-04
4.1589E-05	-7.7623E-04
5.3217E-05	-8.1634E-04
4.0622E-05	-8.2631E-04
1.1211E-04	-2.4134E-05
9.2578E-05	-4.8872E-05
9.3442E-05	-2.4436E-05
1.1001E-04	-7.2402E-05
9.0852E-05	-9.7743E-05
9.1715E-05	-7.3308E-05
1.0790E-04	-1.2067E-04
8.9125E-05	-1.4662E-04
8.9988E-05	-1.2218E-04
1.0579E-04	-1.6894E-04
8.7398E-05	-1.9549E-04
8.8261E-05	-1.7105E-04
1.0369E-04	-2.1721E-04
8.5671E-05	-2.4436E-04
8.6534E-05	-2.1992E-04
1.0158E-04	-2.6547E-04
8.3944E-05	-2.9323E-04
8.4807E-05	-2.6879E-04
9.9473E-05	-3.1374E-04
8.2217E-05	-3.4210E-04
8.3081E-05	-3.1767E-04
9.7367E-05	-3.6201E-04
8.0490E-05	-3.9097E-04
8.1354E-05	-3.6654E-04
9.5260E-05	-4.1028E-04
7.8763E-05	-4.3985E-04
7.9627E-05	-4.1541E-04
9.3153E-05	-4.5855E-04
7.7036E-05	-4.8872E-04
7.7900E-05	-4.6428E-04
9.1047E-05	-5.0681E-04
7.5310E-05	-5.3759E-04
7.6173E-05	-5.1315E-04
8.8940E-05	-5.5508E-04
7.3583E-05	-5.8646E-04
7.4446E-05	-5.6202E-04
8.6833E-05	-6.0335E-04
7.1856E-05	-6.3533E-04
7.2719E-05	-6.1090E-04
8.4727E-05	-6.5162E-04
7.0129E-05	-6.8420E-04
7.0992E-05	-6.5977E-04
8.2620E-05	-6.9989E-04
6.8402E-05	-7.3308E-04
6.9265E-05	-7.0864E-04
8.0513E-05	-7.4815E-04
6.6675E-05	-7.8195E-04
6.7538E-05	-7.5751E-04
7.8407E-05	-7.9642E-04
6.5812E-05	-8.0638E-04
1.4946E-04	-2.3530E-05
1.2954E-04	-4.7664E-05
1.3078E-04	-2.3832E-05
1.4659E-04	-7.0591E-05
1.2705E-04	-9.5329E-05
1.2830E-04	-7.1496E-05
1.4372E-04	-1.1765E-04
1.2457E-04	-1.4299E-04
1.2581E-04	-1.1916E-04
1.4086E-04	-1.6471E-04
1.2208E-04	-1.9066E-04
1.2333E-04	-1.6682E-04
1.3799E-04	-2.1177E-04
1.1960E-04	-2.3832E-04
1.2084E-04	-2.1449E-04
1.3512E-04	-2.5883E-04
1.1711E-04	-2.8599E-04
1.1835E-04	-2.6215E-04
1.3226E-04	-3.0589E-04
1.1462E-04	-3.3365E-04
1.1587E-04	-3.0982E-04
1.2939E-04	-3.5295E-04
1.1214E-04	-3.8131E-04
1.1338E-04	-3.5748E-04
1.2653E-04	-4.0001E-04
1.0965E-04	-4.2898E-04
1.1089E-04	-4.0515E-04
1.2366E-04	-4.4708E-04
1.0716E-04	-4.7664E-04
1.0841E-04	-4.5281E-04
1.2079E-04	-4.9414E-04
1.0468E-04	-5.2431E-04
1.0592E-04	-5.0047E-04
1.1793E-04	-5.4120E-04
1.0219E-04	-5.7197E-04
1.0343E-04	-5.4814E-04
1.1506E-04	-5.8826E-04
9.9704E-05	-6.1964E-04
1.0095E-04	-5.9580E-04
1.1220E-04	-6.3532E-04
9.7218E-05	-6.6730E-04
9.8461E-05	-6.4347E-04
1.0933E-04	-6.8238E-04
9.4731E-05	-7.1496E-04
9.5974E-05	-6.9113E-04
1.0646E-04	-7.2944E-04
9.2245E-05	-7.6263E-04
9.3488E-05	-7.3880E-04
1.0360E-04	-7.7650E-04
9.1002E-05	-7.8646E-04
1.8680E-04	-2.2927E-05
1.6650E-04	-4.6457E-05
1.6813E-04	-2.3228E-05
1.8317E-04	-6.8780E-05
1.6326E-04	-9.2914E-05
1.6488E-04	-6.9685E-05
1.7955E-04	-1.1463E-04
1.6001E-04	-1.3937E-04
1.6163E-04	-1.1614E-04
1.7592E-04	-1.6049E-04
1.5677E-04	-1.8583E-04
1.5839E-04	-1.6260E-04
1.7230E-04	-2.0634E-04
1.5352E-04	-2.3228E-04
1.5514E-04	-2.0906E-04
1.6867E-04	-2.5219E-04
1.5027E-04	-2.7874E-04
1.5190E-04	-2.5551E-04
1.6504E-04	-2.9805E-04
1.4703E-04	-3.2520E-04
1.4865E-04	-3.0197E-04
1.6142E-04	-3.4390E-04
1.4378E-04	-3.7165E-04
1.4541E-04	-3.4843E-04
1.5779E-04	-3.8975E-04
1.4054E-04	-4.1811E-04
1.4216E-04	-3.9488E-04
1.5417E-04	-4.3560E-04
1.3729E-04	-4.6457E-04
1.3891E-04	-4.4134E-04
1.5054E-04	-4.8146E-04
1.3404E-04	-5.1103E-04
1.3567E-04	-4.8780E-04
1.4692E-04	-5.2731E-04
1.3080E-04	-5.5748E-04
1.3242E-04	-5.3425E-04
1.4329E-04	-5.7316E-04
1.2755E-04	-6.0394E-04
1.2918E-04	-5.8071E-04
1.3966E-04	-6.1902E-04
1.2431E-04	-6.5040E-04
1.2593E-04	-6.2717E-04
1.3604E-04	-6.6487E-04
1.2106E-04	-6.9685E-04
1.2268E-04	-6.7362E-04
1.3241E-04	-7.1072E-04
1.1781E-04	-7.4331E-04
1.1944E-04	-7.2008E-04
1.2879E-04	-7.5658E-04
1.1619E-04	-7.6654E-04
2.2414E-04	-2.2323E-05
2.0347E-04	-4.5249E-05
2.0547E-04	-2.2625E-05
2.1976E-04	-6.6969E-05
1.9946E-04	-9.0499E-05
2.0146E-04	-6.7874E-05
2.1537E-04	-1.1161E-04
1.9546E-04	-1.3575E-04
1.9746E-04	-1.1312E-04
2.1098E-04	-1.5626E-04
1.9145E-04	-1.8100E-04
1.9345E-04	-1.5837E-04
2.0660E-04	-2.0091E-04
1.8744E-04	-2.2625E-04
1.8945E-04	-2.0362E-04
2.0221E-04	-2.4555E-04
1.8344E-04	-2.7150E-04
1.8544E-04	-2.4887E-04
1.9783E-04	-2.9020E-04
1.7943E-04	-3.1675E-04
1.8144E-04	-2.9412E-04
1.9344E-04	-3.3484E-04
1.7543E-04	-3.6200E-04
1.7743E-04	-3.3937E-04
1.8906E-04	-3.7949E-04
1.7142E-04	-4.0724E-04
1.7343E-04	-3.8462E-04
1.8467E-04	-4.2413E-04
1.6742E-04	-4.5249E-04
1.6942E-04	-4.2987E-04
1.8029E-04	-4.6878E-04
1.6341E-04	-4.9774E-04
1.6541E-04	-4.7512E-04
1.7590E-04	-5.1343E-04
1.5941E-04	-5.4299E-04
1.6141E-04	-5.2037E-04
1.7152E-04	-5.5807E-04
1.5540E-04	-5.8824E-04
1.5740E-04	-5.6562E-04
1.6713E-04	-6.0272E-04
1.5140E-04	-6.3349E-04
1.5340E-04	-6.1087E-04
1.6275E-04	-6.4736E-04
1.4739E-04	-6.7874E-04
1.4939E-04	-6.5612E-04
1.5836E-04	-6.9201E-04
1.4338E-04	-7.2399E-04
1.4539E-04	-7.0137E-04
1.5398E-04	-7.3665E-04
1.4138E-04	-7.4662E-04
2.4043E-04	-4.4042E-05
2.4281E-04	-2.2021E-05
2.3566E-04	-8.8084E-05
2.3805E-04	-6.6063E-05
2.3090E-04	-1.3213E-04
2.3328E-04	-1.1010E-04
2.2613E-04	-1.7617E-04
2.2852E-04	-1.5415E-04
2.2137E-04	-2.2021E-04
2.2375E-04	-1.9819E-04
2.1660E-04	-2.6425E-04
2.1899E-04	-2.4223E-04
2.1184E-04	-3.0829E-04
2.1422E-04	-2.8627E-04
2.0707E-04	-3.5234E-04
2.0946E-04	-3.3031E-04
2.0231E-04	-3.9638E-04
2.0469E-04	-3.7436E-04
1.9754E-04	-4.4042E-04
1.9993E-04	-4.1840E-04
1.9278E-04	-4.8446E-04
1.9516E-04	-4.6244E-04
1.8801E-04	-5.2850E-04
1.9040E-04	-5.0648E-04
1.8325E-04	-5.7255E-04
1.8563E-04	-5.5052E-04
1.7848E-04	-6.1659E-04
1.8087E-04	-5.9457E-04
1.7372E-04	-6.6063E-04
1.7610E-04	-6.3861E-04
1.6895E-04	-7.0467E-04
1.7134E-04	-6.8265E-04
1.6657E-04	-7.2669E-04
-3.6005E-05	-5.0683E-05
-3.5123E-05	-1.0137E-04
-3.4240E-05	-1.5205E-04
-3.3358E-05	-2.0273E-04
-3.2476E-05	-2.5341E-04
-3.1593E-05	-3.0410E-04
-3.0711E-05	-3.5478E-04
-2.9829E-05	-4.0546E-04
-2.8946E-05	-4.5615E-04
-2.8064E-05	-5.0683E-04
-2.7182E-05	-5.5751E-04
-2.6299E-05	-6.0819E-04
-2.5417E-05	-6.5888E-04
-2.4535E-05	-7.0956E-04
-2.3652E-05	-7.6024E-04
-2.2770E-05	-8.1093E-04
-7.2182E-05	-4.9475E-05
-7.0589E-05	-9.8951E-05
-6.8996E-05	-1.4843E-04
-6.7403E-05	-1.9790E-04
-6.5811E-05	-2.4738E-04
-6.4218E-05	-2.9685E-04
-6.2625E-05	-3.4633E-04
-6.1033E-05	-3.9580E-04
-5.9440E-05	-4.4528E-04
-5.7847E-05	-4.9475E-04
-5.6254E-05	-5.4423E-04
-5.4662E-05	-5.9371E-04
-5.3069E-05	-6.4318E-04
-5.1476E-05	-6.9266E-04
-4.9883E-05	-7.4213E-04
-4.8291E-05	-7.9161E-04
-1.0836E-04	-4.8268E-05
-1.0606E-04	-9.6536E-05
-1.0375E-04	-1.4480E-04
-1.0145E-04	-1.9307E-04
-9.9146E-05	-2.4134E-04
-9.6843E-05	-2.8961E-04
-9.4540E-05	-3.3788E-04
-9.2236E-05	-3.8614E-04
-8.9933E-05	-4.3441E-04
-8.7630E-05	-4.8268E-04
-8.5327E-05	-5.3095E-04
-8.3024E-05	-5.7922E-04
-8.0721E-05	-6.2748E-04
-7.8418E-05	-6.7575E-04
-7.6115E-05	-7.2402E-04
-7.3811E-05	-7.7229E-04
-1.4454E-04	-4.7061E-05
-1.4152E-04	-9.4121E-05
-1.3851E-04	-1.4118E-04
-1.3549E-04	-1.8824E-04
-1.3248E-04	-2.3530E-04
-1.2947E-04	-2.8236E-04
-1.2645E-04	-3.2942E-04
-1.2344E-04	-3.7648E-04
-1.2043E-04	-4.2355E-04
-1.1741E-04	-4.7061E-04
-1.1440E-04	-5.1767E-04
-1.1139E-04	-5.6473E-04
-1.0837E-04	-6.1179E-04
-1.0536E-04	-6.5885E-04
-1.0235E-04	-7.0591E-04
-9.9332E-05	-7.5297E-04
-1.8071E-04	-4.5853E-05
-1.7699E-04	-9.1706E-05
-1.7326E-04	-1.3756E-04
-1.6954E-04	-1.8341E-04
-1.6582E-04	-2.2927E-04
-1.6209E-04	-2.7512E-04
-1.5837E-04	-3.2097E-04
-1.5464E-04	-3.6682E-04
-1.5092E-04	-4.1268E-04
-1.4720E-04	-4.5853E-04
-1.4347E-04	-5.0438E-04
-1.3975E-04	-5.5024E-04
-1.3602E-04	-5.9609E-04
-1.3230E-04	-6.4194E-04
-1.2858E-04	-6.8780E-04
-1.2485E-04	-7.3365E-04
-2.1689E-04	-4.4646E-05
-2.1245E-04	-8.9291E-05
-2.0802E-04	-1.3394E-04
-2.0359E-04	-1.7858E-04
-1.9915E-04	-2.2323E-04
-1.9472E-04	-2.6787E-04
-1.9028E-04	-3.1252E-04
-1.8585E-04	-3.5717E-04
-1.8141E-04	-4.0181E-04
-1.7698E-04	-4.4646E-04
-1.7255E-04	-4.9110E-04
-1.6811E-04	-5.3575E-04
-1.6368E-04	-5.8039E-04
-1.5924E-04	-6.2504E-04
-1.5481E-04	-6.6969E-04
-1.5037E-04	-7.1433E-04
-1.6313E-04	-7.0467E-04
-1.4816E-04	-7.3665E-04
-1.6074E-04	-7.2669E-04
-1.3761E-04	-7.2399E-04
-1.2299E-04	-7.5658E-04
-1.3557E-04	-7.4662E-04
-1.1209E-04	-7.4331E-04
-9.7825E-05	-7.7650E-04
-1.1041E-04	-7.6654E-04
-8.6572E-05	-7.6263E-04
-7.2660E-05	-7.9642E-04
-8.5243E-05	-7.8646E-04
-6.1051E-05	-7.8195E-04
-4.7494E-05	-8.1634E-04
-6.0077E-05	-8.0638E-04
-3.5530E-05	-8.0127E-04
-2.2329E-05	-8.3627E-04
-3.4912E-05	-8.2631E-04
-1.0010E-05	-8.2059E-04
-9.7462E-06	-8.4623E-04
-1.6792E-04	-6.6063E-04
-1.5259E-04	-6.9201E-04
-1.6553E-04	-6.8265E-04
-1.4169E-04	-6.7874E-04
-1.2671E-04	-7.1072E-04
-1.3965E-04	-7.0137E-04
-1.1546E-04	-6.9685E-04
-1.0084E-04	-7.2944E-04
-1.1378E-04	-7.2008E-04
-8.9230E-05	-7.1496E-04
-7.4963E-05	-7.4815E-04
-8.7901E-05	-7.3880E-04
-6.2999E-05	-7.3308E-04
-4.9087E-05	-7.6687E-04
-6.2025E-05	-7.5751E-04
-3.6768E-05	-7.5119E-04
-2.3211E-05	-7.8558E-04
-3.6149E-05	-7.7623E-04
-1.0537E-05	-7.6930E-04
-1.0273E-05	-7.9494E-04
-1.7271E-04	-6.1659E-04
-1.5702E-04	-6.4736E-04
-1.7032E-04	-6.3861E-04
-1.4577E-04	-6.3349E-04
-1.3044E-04	-6.6487E-04
-1.4373E-04	-6.5612E-04
-1.1883E-04	-6.5040E-04
-1.0385E-04	-6.8238E-04
-1.1715E-04	-6.7362E-04
-9.1888E-05	-6.6730E-04
-7.7266E-05	-6.9989E-04
-9.0559E-05	-6.9113E-04
-6.4947E-05	-6.8420E-04
-5.0680E-05	-7.1739E-04
-6.3973E-05	-7.0864E-04
-3.8005E-05	-7.0111E-04
-2.4094E-05	-7.3490E-04
-3.7387E-05	-7.2615E-04
-1.1064E-05	-7.1801E-04
-1.0800E-05	-7.4366E-04
-1.7750E-04	-5.7255E-04
-1.6146E-04	-6.0272E-04
-1.7511E-04	-5.9457E-04
-1.4985E-04	-5.8824E-04
-1.3416E-04	-6.1902E-04
-1.4781E-04	-6.1087E-04
-1.2220E-04	-6.0394E-04
-1.0687E-04	-6.3532E-04
-1.2051E-04	-6.2717E-04
-9.4547E-05	-6.1964E-04
-7.9569E-05	-6.5162E-04
-9.3218E-05	-6.4347E-04
-6.6895E-05	-6.3533E-04
-5.2273E-05	-6.6792E-04
-6.5921E-05	-6.5977E-04
-3.9243E-05	-6.5103E-04
-2.4976E-05	-6.8422E-04
-3.8624E-05	-6.7607E-04
-1.1591E-05	-6.6673E-04
-1.1328E-05	-6.9237E-04
-1.8229E-04	-5.2850E-04
-1.6589E-04	-5.5807E-04
-1.7990E-04	-5.5052E-04
-1.5393E-04	-5.4299E-04
-1.3789E-04	-5.7316E-04
-1.5189E-04	-5.6562E-04
-1.2557E-04	-5.5748E-04
-1.0988E-04	-5.8826E-04
-1.2388E-04	-5.8071E-04
-9.7205E-05	-5.7197E-04
-8.1872E-05	-6.0335E-04
-9.5876E-05	-5.9580E-04
-6.8843E-05	-5.8646E-04
-5.3865E-05	-6.1844E-04
-6.7869E-05	-6.1090E-04
-4.0480E-05	-6.0095E-04
-2.5858E-05	-6.3354E-04
-3.9862E-05	-6.2599E-04
-1.2118E-05	-6.1544E-04
-1.1855E-05	-6.4108E-04
-1.8708E-04	-4.8446E-04
-1.7033E-04	-5.1343E-04
-1.8469E-04	-5.0648E-04
-1.5801E-04	-4.9774E-04
-1.4161E-04	-5.2731E-04
-1.5597E-04	-5.2037E-04
-1.2894E-04	-5.1103E-04
-1.1289E-04	-5.4120E-04
-1.2725E-04	-5.3425E-04
-9.9863E-05	-5.2431E-04
-8.4175E-05	-5.5508E-04
-9.8534E-05	-5.4814E-04
-7.0791E-05	-5.3759E-04
-5.5458E-05	-5.6897E-04
-6.9817E-05	-5.6202E-04
-4.1718E-05	-5.5087E-04
-2.6741E-05	-5.8285E-04
-4.1099E-05	-5.7591E-04
-1.2645E-05	-5.6415E-04
-1.2382E-05	-5.8980E-04
-1.9187E-04	-4.4042E-04
-1.7476E-04	-4.6878E-04
-1.8948E-04	-4.6244E-04
-1.6209E-04	-4.5249E-04
-1.4533E-04	-4.8146E-04
-1.6005E-04	-4.7512E-04
-1.3230E-04	-4.6457E-04
-1.1591E-04	-4.9414E-04
-1.3062E-04	-4.8780E-04
-1.0252E-04	-4.7664E-04
-8.6479E-05	-5.0681E-04
-1.0119E-04	-5.0047E-04
-7.2739E-05	-4.8872E-04
-5.7051E-05	-5.1949E-04
-7.1765E-05	-5.1315E-04
-4.2956E-05	-5.0079E-04
-2.7623E-05	-5.3217E-04
-4.2337E-05	-5.2583E-04
-1.3172E-05	-5.1287E-04
-1.2909E-05	-5.3851E-04
-1.9666E-04	-3.9638E-04
-1.7920E-04	-4.2413E-04
-1.9427E-04	-4.1840E-04
-1.6617E-04	-4.0724E-04
-1.4906E-04	-4.3560E-04
-1.6413E-04	-4.2987E-04
-1.3567E-04	-4.1811E-04
-1.1892E-04	-4.4708E-04
-1.3399E-04	-4.4134E-04
-1.0518E-04	-4.2898E-04
-8.8782E-05	-4.5855E-04
-1.0385E-04	-4.5281E-04
-7.4687E-05	-4.3985E-04
-5.8643E-05	-4.7002E-04
-7.3713E-05	-4.6428E-04
-4.4193E-05	-4.5071E-04
-2.8505E-05	-4.8149E-04
-4.3574E-05	-4.7575E-04
-1.3700E-05	-4.6158E-04
-1.3436E-05	-4.8722E-04
-2.0145E-04	-3.5234E-04
-1.8363E-04	-3.7949E-04
-1.9906E-04	-3.7436E-04
-1.7025E-04	-3.6200E-04
-1.5278E-04	-3.8975E-04
-1.6821E-04	-3.8462E-04
-1.3904E-04	-3.7165E-04
-1.2193E-04	-4.0001E-04
-1.3736E-04	-3.9488E-04
-1.0784E-04	-3.8131E-04
-9.1085E-05	-4.1028E-04
-1.0651E-04	-4.0515E-04
-7.6634E-05	-3.9097E-04
-6.0236E-05	-4.2054E-04
-7.5661E-05	-4.1541E-04
-4.5431E-05	-4.0063E-04
-2.9387E-05	-4.3080E-04
-4.4812E-05	-4.2567E-04
-1.4227E-05	-4.1029E-04
-1.3963E-05	-4.3594E-04
-2.0624E-04	-3.0829E-04
-1.8807E-04	-3.3484E-04
-2.0384E-04	-3.3031E-04
-1.7433E-04	-3.1675E-04
-1.5651E-04	-3.4390E-04
-1.7229E-04	-3.3937E-04
-1.4241E-04	-3.2520E-04
-1.2495E-04	-3.5295E-04
-1.4073E-04	-3.4843E-04
-1.1050E-04	-3.3365E-04
-9.3388E-05	-3.6201E-04
-1.0917E-04	-3.5748E-04
-7.8582E-05	-3.4210E-04
-6.1829E-05	-3.7107E-04
-7.7608E-05	-3.6654E-04
-4.6668E-05	-3.5055E-04
-3.0270E-05	-3.8012E-04
-4.6049E-05	-3.7559E-04
-1.4754E-05	-3.5901E-04
-1.4490E-05	-3.8465E-04
-2.1103E-04	-2.6425E-04
-1.9250E-04	-2.9020E-04
-2.0863E-04	-2.8627E-04
-1.7840E-04	-2.7150E-04
-1.6023E-04	-2.9805E-04
-1.7636E-04	-2.9412E-04
-1.4578E-04	-2.7874E-04
-1.2796E-04	-3.0589E-04
-1.4410E-04	-3.0197E-04
-1.1316E-04	-2.8599E-04
-9.5691E-05	-3.1374E-04
-1.1183E-04	-3.0982E-04
-8.0530E-05	-2.9323E-04
-6.3422E-05	-3.2159E-04
-7.9556E-05	-3.1767E-04
-4.7906E-05	-3.0047E-04
-3.1152E-05	-3.2944E-04
-4.7287E-05	-3.2551E-04
-1.5281E-05	-3.0772E-04
-1.5017E-05	-3.3336E-04
-2.1582E-04	-2.2021E-04
-1.9693E-04	-2.4555E-04
-2.1342E-04	-2.4223E-04
-1.8248E-04	-2.2625E-04
-1.6395E-04	-2.5219E-04
-1.8044E-04	-2.4887E-04
-1.4915E-04	-2.3228E-04
-1.3097E-04	-2.5883E-04
-1.4746E-04	-2.5551E-04
-1.1581E-04	-2.3832E-04
-9.7994E-05	-2.6547E-04
-1.1448E-04	-2.6215E-04
-8.2478E-05	-2.4436E-04
-6.5014E-05	-2.7211E-04
-8.1504E-05	-2.6879E-04
-4.9143E-05	-2.5040E-04
-3.2034E-05	-2.7876E-04
-4.8524E-05	-2.7544E-04
-1.5808E-05	-2.5643E-04
-1.5544E-05	-2.8208E-04
-2.2061E-04	-1.7617E-04
-2.0137E-04	-2.0091E-04
-2.1821E-04	-1.9819E-04
-1.8656E-04	-1.8100E-04
-1.6768E-04	-2.0634E-04
-1.8452E-04	-2.0362E-04
-1.5252E-04	-1.8583E-04
-1.3399E-04	-2.1177E-04
-1.5083E-04	-2.0906E-04
-1.1847E-04	-1.9066E-04
-1.0030E-04	-2.1721E-04
-1.1714E-04	-2.1449E-04
-8.4426E-05	-1.9549E-04
-6.6607E-05	-2.2264E-04
-8.3452E-05	-2.1992E-04
-5.0381E-05	-2.0032E-04
-3.2917E-05	-2.2807E-04
-4.9762E-05	-2.2536E-04
-1.6335E-05	-2.0515E-04
-1.6072E-05	-2.3079E-04
-2.2540E-04	-1.3213E-04
-2.0580E-04	-1.5626E-04
-2.2300E-04	-1.5415E-04
-1.9064E-04	-1.3575E-04
-1.7140E-04	-1.6049E-04
-1.8860E-04	-1.5837E-04
-1.5589E-04	-1.3937E-04
-1.3700E-04	-1.6471E-04
-1.5420E-04	-1.6260E-04
-1.2113E-04	-1.4299E-04
-1.0260E-04	-1.6894E-04
-1.1980E-04	-1.6682E-04
-8.6374E-05	-1.4662E-04
-6.8200E-05	-1.7316E-04
-8.5400E-05	-1.7105E-04
-5.1618E-05	-1.5024E-04
-3.3799E-05	-1.7739E-04
-5.0999E-05	-1.7528E-04
-1.6862E-05	-1.5386E-04
-1.6599E-05	-1.7950E-04
-2.3019E-04	-8.8084E-05
-2.1024E-04	-1.1161E-04
-2.2779E-04	-1.1010E-04
-1.9472E-04	-9.0499E-05
-1.7513E-04	-1.1463E-04
-1.9268E-04	-1.1312E-04
-1.5925E-04	-9.2914E-05
-1.4001E-04	-1.1765E-04
-1.5757E-04	-1.1614E-04
-1.2379E-04	-9.5329E-05
-1.0490E-04	-1.2067E-04
-1.2246E-04	-1.1916E-04
-8.8322E-05	-9.7743E-05
-6.9792E-05	-1.2369E-04
-8.7348E-05	-1.2218E-04
-5.2856E-05	-1.0016E-04
-3.4681E-05	-1.2671E-04
-5.2237E-05	-1.2520E-04
-1.7389E-05	-1.0257E-04
-1.7126E-05	-1.2822E-04
-2.3498E-04	-4.4042E-05
-2.1467E-04	-6.6969E-05
-2.3258E-04	-6.6063E-05
-1.9880E-04	-4.5249E-05
-1.7885E-04	-6.8780E-05
-1.9676E-04	-6.7874E-05
-1.6262E-04	-4.6457E-05
-1.4303E-04	-7.0591E-05
-1.6094E-04	-6.9685E-05
-1.2645E-04	-4.7664E-05
-1.0721E-04	-7.2402E-05
-1.2512E-04	-7.1496E-05
-9.0270E-05	-4.8872E-05
-7.1385E-05	-7.4213E-05
-8.9296E-05	-7.3308E-05
-5.4093E-05	-5.0079E-05
-3.5564E-05	-7.6024E-05
-5.3474E-05	-7.5119E-05
-1.7916E-05	-5.1287E-05
-1.7653E-05	-7.6930E-05
-2.1911E-04	-2.2323E-05
-2.3737E-04	-2.2021E-05
-1.8257E-04	-2.2927E-05
-2.0084E-04	-2.2625E-05
-1.4604E-04	-2.3530E-05
-1.6431E-04	-2.3228E-05
-1.0951E-04	-2.4134E-05
-1.2778E-04	-2.3832E-05
-7.2978E-05	-2.4738E-05
-9.1244E-05	-2.4436E-05
-3.6446E-05	-2.5341E-05
-5.4712E-05	-2.5040E-05
-1.8180E-05	-2.5643E-05
8.5956E-08	-2.5945E-05
2.5787E-07	-7.7835E-05
4.2978E-07	-1.2973E-04
6.0169E-07	-1.8162E-04
7.7360E-07	-2.3351E-04
9.4551E-07	-2.8540E-04
1.1174E-06	-3.3729E-04
1.2893E-06	-3.8918E-04
1.4612E-06	-4.4107E-04
1.6332E-06	-4.9296E-04
1.8051E-06	-5.4485E-04
1.9770E-06	-5.9674E-04
2.1489E-06	-6.4863E-04
2.3208E-06	-7.0052E-04
2.4927E-06	-7.5241E-04
2.6646E-06	-8.0430E-04
2.8365E-06	-8.5619E-04
-1.8444E-05	5.5469E-36
-5.5331E-05	4.6936E-36
-9.2218E-05	3.8402E-36
-1.2911E-04	2.9869E-36
-1.6599E-04	2.1335E-36
-2.0288E-04	1.2801E-36
-2.3977E-04	4.2679E-37
2.8365E-06	8.5619E-04
2.6646E-06	8.0430E-04
2.4927E-06	7.5241E-04
2.3208E-06	7.0052E-04
2.1489E-06	6.4863E-04
1.9770E-06	5.9674E-04
1.8051E-06	5.4485E-04
1.6332E-06	4.9296E-04
1.4612E-06	4.4107E-04
1.2893E-06	3.8918E-04
1.1174E-06	3.3729E-04
9.4551E-07	2.8540E-04
7.7360E-07	2.3351E-04
6.0169E-07	1.8162E-04
4.2978E-07	1.2973E-04
2.5787E-07	7.7835E-05
2.4519E-04	1.1646E-35
2.0747E-04	1.0773E-35
1.6975E-04	9.9007E-36
1.3203E-04	9.0280E-36
9.4305E-05	8.1553E-36
5.6583E-05	7.2826E-36
1.8861E-05	6.4100E-36
8.5956E-08	2.5945E-05
-9.4826E-06	8.7187E-04
-4.5728E-05	1.1452E-03
-3.4293E-05	8.5135E-04
-1.0649E-04	1.1234E-03
-5.9103E-05	8.3082E-04
-1.6157E-04	1.0882E-03
-8.3913E-05	8.1029E-04
-2.0997E-04	1.0441E-03
-1.0872E-04	7.8977E-04
-2.5231E-04	9.9404E-04
-1.3353E-04	7.6924E-04
-2.8940E-04	9.4000E-04
-1.5834E-04	7.4871E-04
-3.2195E-04	8.8312E-04
-1.7332E-04	7.1673E-04
-1.8737E-04	7.4995E-04
-2.2060E-04	7.7294E-04
-2.5384E-04	7.9594E-04
-2.8707E-04	8.1893E-04
-3.4784E-04	8.3014E-04
-3.2031E-04	8.4193E-04
-1.7847E-04	6.7329E-04
-3.6801E-04	7.8307E-04
-1.8361E-04	6.2985E-04
-3.8635E-04	7.3496E-04
-1.8876E-04	5.8642E-04
-4.0296E-04	6.8623E-04
-1.9390E-04	5.4298E-04
-4.1798E-04	6.3699E-04
-1.9905E-04	4.9954E-04
-4.3154E-04	5.8733E-04
-2.0419E-04	4.5610E-04
-4.4374E-04	5.3732E-04
-2.0933E-04	4.1266E-04
-4.5467E-04	4.8702E-04
-2.1448E-04	3.6923E-04
-4.6437E-04	4.3647E-04
-2.1962E-04	3.2579E-04
-4.7292E-04	3.8571E-04
-2.2477E-04	2.8235E-04
-4.8034E-04	3.3478E-04
-2.2991E-04	2.3891E-04
-4.8667E-04	2.8370E-04
-2.3506E-04	1.9547E-04
-4.9194E-04	2.3250E-04
-2.4020E-04	1.5203E-04
-4.9615E-04	1.8121E-04
-2.4535E-04	1.0860E-04
-4.9931E-04	1.2984E-04
-2.5049E-04	6.5157E-05
-5.0144E-04	7.8413E-05
-2.5564E-04	2.1719E-05
-5.0252E-04	2.6957E-05
-2.5564E-04	-2.1719E-05
-2.8265E-04	1.2178E-07
-3.3154E-04	3.6535E-07
-3.8043E-04	6.0891E-07
-4.2932E-04	8.5248E-07
-5.0253E-04	-2.5266E-05
-4.7821E-04	1.0960E-06
-2.5049E-04	-6.5157E-05
-5.0143E-04	-7.8256E-05
-2.4535E-04	-1.0860E-04
-4.9923E-04	-1.3121E-04
-2.4020E-04	-1.5203E-04
-4.9591E-04	-1.8411E-04
-2.3506E-04	-1.9547E-04
-4.9149E-04	-2.3693E-04
-2.2991E-04	-2.3891E-04
-4.8594E-04	-2.8964E-04
-2.2477E-04	-2.8235E-04
-4.7926E-04	-3.4223E-04
-2.1962E-04	-3.2579E-04
-4.7142E-04	-3.9465E-04
-2.1448E-04	-3.6923E-04
-4.6238E-04	-4.4688E-04
-2.0933E-04	-4.1266E-04
-4.5210E-04	-4.9888E-04
-2.0419E-04	-4.5610E-04
-4.4052E-04	-5.5061E-04
-1.9905E-04	-4.9954E-04
-4.2756E-04	-6.0202E-04
-1.9390E-04	-5.4298E-04
-4.1314E-04	-6.5303E-04
-1.8876E-04	-5.8642E-04
-3.9714E-04	-7.0358E-04
-1.8361E-04	-6.2985E-04
-3.7941E-04	-7.5355E-04
-1.7847E-04	-6.7329E-04
-3.5977E-04	-8.0280E-04
-1.7332E-04	-7.1673E-04
-3.3800E-04	-8.5116E-04
-1.5834E-04	-7.4871E-04
-1.8631E-04	-7.5207E-04
-2.1744E-04	-7.7930E-04
-2.4856E-04	-8.0654E-04
-2.7968E-04	-8.3377E-04
-3.1131E-04	-9.0287E-04
-3.1081E-04	-8.6101E-04
-1.3353E-04	-7.6924E-04
-2.7772E-04	-9.5826E-04
-1.0872E-04	-7.8977E-04
-2.3968E-04	-1.0103E-03
-8.3913E-05	-8.1029E-04
-1.9630E-04	-1.0579E-03
-5.9103E-05	-8.3082E-04
-1.4683E-04	-1.0991E-03
-3.4293E-05	-8.5135E-04
-9.0880E-05	-1.1306E-03
-9.4826E-06	-8.7187E-04
-2.9377E-05	-1.1480E-03
1.5328E-05	-8.7187E-04
2.8828E-06	-9.0892E-04
2.8036E-06	-9.6249E-04
2.7243E-06	-1.0161E-03
2.6450E-06	-1.0696E-03
3.1934E-05	-1.1476E-03
2.5657E-06	-1.1232E-03
4.0138E-05	-8.5135E-04
8.8268E-05	-1.1318E-03
6.4948E-05	-8.3082E-04
1.4029E-04	-1.1037E-03
8.9758E-05	-8.1029E-04
1.8679E-04	-1.0670E-03
1.1457E-04	-7.8977E-04
2.2800E-04	-1.0244E-03
1.3938E-04	-7.6924E-04
2.6449E-04	-9.7770E-04
1.6419E-04	-7.4871E-04
2.9685E-04	-9.2802E-04
1.7917E-04	-7.1673E-04
1.9012E-04	-7.5480E-04
2.1717E-04	-7.8749E-04
2.4422E-04	-8.2019E-04
2.7127E-04	-8.5289E-04
3.2472E-04	-8.7779E-04
2.9832E-04	-8.8558E-04
1.8431E-04	-6.7329E-04
3.4832E-04	-8.2876E-04
1.8946E-04	-6.2985E-04
3.6967E-04	-7.7831E-04
1.9460E-04	-5.8642E-04
3.8889E-04	-7.2703E-04
1.9975E-04	-5.4298E-04
4.0620E-04	-6.7507E-04
2.0489E-04	-4.9954E-04
4.2176E-04	-6.2256E-04
2.1004E-04	-4.5610E-04
4.3573E-04	-5.6962E-04
2.1518E-04	-4.1266E-04
4.4820E-04	-5.1630E-04
2.2032E-04	-3.6923E-04
4.5926E-04	-4.6267E-04
2.2547E-04	-3.2579E-04
4.6899E-04	-4.0879E-04
2.3061E-04	-2.8235E-04
4.7742E-04	-3.5469E-04
2.3576E-04	-2.3891E-04
4.8460E-04	-3.0041E-04
2.4090E-04	-1.9547E-04
4.9057E-04	-2.4599E-04
2.4605E-04	-1.5203E-04
4.9534E-04	-1.9144E-04
2.5119E-04	-1.0860E-04
4.9892E-04	-1.3681E-04
2.5634E-04	-6.5157E-05
5.0131E-04	-8.2117E-05
2.6148E-04	-2.1719E-05
5.0251E-04	-2.7382E-05
2.6148E-04	2.1719E-05
2.8792E-04	2.1124E-20
3.3564E-04	6.3373E-20
3.8336E-04	1.0562E-19
4.3108E-04	1.4787E-19
5.0251E-04	2.7353E-05
4.7880E-04	1.9012E-19
2.5634E-04	6.5157E-05
5.0131E-04	8.2086E-05
2.5119E-04	1.0860E-04
4.9892E-04	1.3678E-04
2.4605E-04	1.5203E-04
4.9534E-04	1.9141E-04
2.4090E-04	1.9547E-04
4.9057E-04	2.4596E-04
2.3576E-04	2.3891E-04
4.8461E-04	3.0038E-04
2.3061E-04	2.8235E-04
4.7742E-04	3.5466E-04
2.2547E-04	3.2579E-04
4.6899E-04	4.0876E-04
2.2032E-04	3.6923E-04
4.5927E-04	4.6264E-04
2.1518E-04	4.1266E-04
4.4821E-04	5.1627E-04
2.1004E-04	4.5610E-04
4.3574E-04	5.6959E-04
2.0489E-04	4.9954E-04
4.2177E-04	6.2253E-04
1.9975E-04	5.4298E-04
4.0621E-04	6.7504E-04
1.9460E-04	5.8642E-04
3.8890E-04	7.2700E-04
1.8946E-04	6.2985E-04
3.6968E-04	7.7829E-04
1.8431E-04	6.7329E-04
3.4833E-04	8.2873E-04
1.7917E-04	7.1673E-04
3.2457E-04	8.7809E-04
1.6419E-04	7.4871E-04
1.9012E-04	7.5480E-04
2.1717E-04	7.8749E-04
2.4422E-04	8.2019E-04
2.7127E-04	8.5289E-04
2.9659E-04	9.2844E-04
2.9832E-04	8.8558E-04
1.3938E-04	7.6924E-04
2.6268E-04	9.8023E-04
1.1457E-04	7.8977E-04
2.2443E-04	1.0285E-03
8.9758E-05	8.1029E-04
1.8103E-04	1.0721E-03
6.4948E-05	8.3082E-04
1.3187E-04	1.1090E-03
4.0138E-05	8.5135E-04
7.6841E-05	1.1361E-03
1.5328E-05	8.7187E-04
1.2881E-06	9.0888E-04
-1.9807E-06	9.6237E-04
-5.2495E-06	1.0159E-03
-8.5183E-06	1.0694E-03
-1.1787E-05	1.1228E-03
1.7228E-05	1.1493E-03
1.7191E-07	-5.1890E-05
3.4382E-07	-1.0378E-04
5.1573E-07	-1.5567E-04
6.8764E-07	-2.0756E-04
8.5956E-07	-2.5945E-04
1.0315E-06	-3.1134E-04
1.2034E-06	-3.6323E-04
1.3753E-06	-4.1512E-04
1.5472E-06	-4.6701E-04
1.7191E-06	-5.1890E-04
1.8910E-06	-5.7079E-04
2.0629E-06	-6.2268E-04
2.2348E-06	-6.7457E-04
2.4068E-06	-7.2646E-04
2.5787E-06	-7.7835E-04
2.7506E-06	-8.3025E-04
-2.2132E-04	8.5347E-37
-1.8444E-04	1.7068E-36
-1.4755E-04	2.5602E-36
-1.1066E-04	3.4135E-36
-7.3774E-05	4.2669E-36
-3.6887E-05	5.1203E-36
2.7506E-06	8.3025E-04
2.5787E-06	7.7835E-04
2.4068E-06	7.2646E-04
2.2348E-06	6.7457E-04
2.0629E-06	6.2268E-04
1.8910E-06	5.7079E-04
1.7191E-06	5.1890E-04
1.5472E-06	4.6701E-04
1.3753E-06	4.1512E-04
1.2034E-06	3.6323E-04
1.0315E-06	3.1134E-04
8.5956E-07	2.5945E-04
6.8764E-07	2.0756E-04
5.1573E-07	1.5567E-04
3.4382E-07	1.0378E-04
1.7191E-07	5.1890E-05
3.7722E-05	6.8463E-36
7.5444E-05	7.7190E-36
1.1317E-04	8.5916E-36
1.5089E-04	9.4643E-36
1.8861E-04	1.0337E-35
2.2633E-04	1.1210E-35
-2.1888E-05	8.6161E-04
-4.6698E-05	8.4108E-04
-7.1508E-05	8.2056E-04
-9.6319E-05	8.0003E-04
-1.2113E-04	7.7950E-04
-1.4594E-04	7.5898E-04
-7.7036E-05	1.1360E-03
-1.3541E-04	1.1066E-03
-1.8713E-04	1.0665E-03
-2.3225E-04	1.0191E-03
-2.7177E-04	9.6690E-04
-3.0643E-04	9.1136E-04
-2.0398E-04	7.6145E-04
-2.3722E-04	7.8444E-04
-2.7045E-04	8.0744E-04
-3.0369E-04	8.3043E-04
-1.7589E-04	6.9501E-04
-1.8104E-04	6.5157E-04
-1.8618E-04	6.0814E-04
-1.9133E-04	5.6470E-04
-1.9647E-04	5.2126E-04
-2.0162E-04	4.7782E-04
-2.0676E-04	4.3438E-04
-2.1191E-04	3.9094E-04
-2.1705E-04	3.4751E-04
-2.2220E-04	3.0407E-04
-2.2734E-04	2.6063E-04
-2.3249E-04	2.1719E-04
-2.3763E-04	1.7375E-04
-2.4278E-04	1.3031E-04
-2.4792E-04	8.6876E-05
-2.5307E-04	4.3438E-05
-3.5817E-04	8.0659E-04
-3.7735E-04	7.5884E-04
-3.9478E-04	7.1043E-04
-4.1066E-04	6.6149E-04
-4.2493E-04	6.1205E-04
-4.3779E-04	5.6223E-04
-4.4935E-04	5.1208E-04
-4.5966E-04	4.6167E-04
-4.6880E-04	4.1103E-04
-4.7676E-04	3.6019E-04
-4.8361E-04	3.0919E-04
-4.8940E-04	2.5806E-04
-4.9416E-04	2.0682E-04
-4.9784E-04	1.5550E-04
-5.0046E-04	1.0411E-04
-5.0207E-04	5.2673E-05
-3.0710E-04	2.4357E-07
-3.5599E-04	4.8713E-07
-4.0488E-04	7.3070E-07
-4.5377E-04	9.7426E-07
-1.7589E-04	-6.9501E-04
-1.8104E-04	-6.5157E-04
-1.8618E-04	-6.0814E-04
-1.9133E-04	-5.6470E-04
-1.9647E-04	-5.2126E-04
-2.0162E-04	-4.7782E-04
-2.0676E-04	-4.3438E-04
-2.1191E-04	-3.9094E-04
-2.1705E-04	-3.4751E-04
-2.2220E-04	-3.0407E-04
-2.2734E-04	-2.6063E-04
-2.3249E-04	-2.1719E-04
-2.3763E-04	-1.7375E-04
-2.4278E-04	-1.3031E-04
-2.4792E-04	-8.6876E-05
-2.5307E-04	-4.3438E-05
-5.0208E-04	-5.1746E-05
-5.0042E-04	-1.0471E-04
-4.9769E-04	-1.5763E-04
-4.9382E-04	-2.1048E-04
-4.8882E-04	-2.6324E-04
-4.8271E-04	-3.1588E-04
-4.7548E-04	-3.6838E-04
-4.6705E-04	-4.2069E-04
-4.5738E-04	-4.7280E-04
-4.4645E-04	-5.2465E-04
-4.3420E-04	-5.7620E-04
-4.2054E-04	-6.2740E-04
-4.0523E-04	-6.7813E-04
-3.8840E-04	-7.2838E-04
-3.6978E-04	-7.7798E-04
-3.4922E-04	-8.2682E-04
-2.0187E-04	-7.6569E-04
-2.3300E-04	-7.9292E-04
-2.6412E-04	-8.2016E-04
-2.9525E-04	-8.4739E-04
-2.1888E-05	-8.6161E-04
-4.6698E-05	-8.4108E-04
-7.1508E-05	-8.2056E-04
-9.6319E-05	-8.0003E-04
-1.2113E-04	-7.7950E-04
-1.4594E-04	-7.5898E-04
-2.9521E-04	-9.3054E-04
-2.5965E-04	-9.8418E-04
-2.1913E-04	-1.0342E-03
-1.7294E-04	-1.0790E-03
-1.2017E-04	-1.1157E-03
-6.1110E-05	-1.1411E-03
2.6053E-06	-1.0964E-03
2.6846E-06	-1.0428E-03
2.7639E-06	-9.8928E-04
2.8432E-06	-9.3571E-04
2.7733E-05	-8.6161E-04
5.2543E-05	-8.4108E-04
7.7353E-05	-8.2056E-04
1.0216E-04	-8.0003E-04
1.2697E-04	-7.7950E-04
1.5178E-04	-7.5898E-04
6.0740E-05	-1.1412E-03
1.1538E-04	-1.1186E-03
1.6472E-04	-1.0859E-03
2.0841E-04	-1.0459E-03
2.4710E-04	-1.0010E-03
2.8139E-04	-9.5274E-04
2.0365E-04	-7.7115E-04
2.3070E-04	-8.0384E-04
2.5775E-04	-8.3654E-04
2.8480E-04	-8.6924E-04
1.8174E-04	-6.9501E-04
1.8688E-04	-6.5157E-04
1.9203E-04	-6.0814E-04
1.9717E-04	-5.6470E-04
2.0232E-04	-5.2126E-04
2.0746E-04	-4.7782E-04
2.1261E-04	-4.3438E-04
2.1775E-04	-3.9094E-04
2.2290E-04	-3.4751E-04
2.2804E-04	-3.0407E-04
2.3319E-04	-2.6063E-04
2.3833E-04	-2.1719E-04
2.4348E-04	-1.7375E-04
2.4862E-04	-1.3031E-04
2.5377E-04	-8.6876E-05
2.5891E-04	-4.3438E-05
3.3676E-04	-8.5323E-04
3.5920E-04	-8.0332E-04
3.7941E-04	-7.5246E-04
3.9763E-04	-7.0085E-04
4.1420E-04	-6.4868E-04
4.2893E-04	-5.9597E-04
4.4213E-04	-5.4285E-04
4.5388E-04	-4.8939E-04
4.6428E-04	-4.3565E-04
4.7337E-04	-3.8167E-04
4.8114E-04	-3.2749E-04
4.8770E-04	-2.7315E-04
4.9307E-04	-2.1867E-04
4.9726E-04	-1.6410E-04
5.0021E-04	-1.0944E-04
5.0201E-04	-5.4733E-05
3.1178E-04	4.2249E-20
3.5950E-04	8.4498E-20
4.0722E-04	1.2675E-19
4.5494E-04	1.6900E-19
1.8174E-04	6.9501E-04
1.8688E-04	6.5157E-04
1.9203E-04	6.0814E-04
1.9717E-04	5.6470E-04
2.0232E-04	5.2126E-04
2.0746E-04	4.7782E-04
2.1261E-04	4.3438E-04
2.1775E-04	3.9094E-04
2.2290E-04	3.4751E-04
2.2804E-04	3.0407E-04
2.3319E-04	2.6063E-04
2.3833E-04	2.1719E-04
2.4348E-04	1.7375E-04
2.4862E-04	1.3031E-04
2.5377E-04	8.6876E-05
2.5891E-04	4.3438E-05
5.0201E-04	5.4703E-05
5.0021E-04	1.0941E-04
4.9726E-04	1.6407E-04
4.9308E-04	2.1864E-04
4.8770E-04	2.7312E-04
4.8114E-04	3.2746E-04
4.7338E-04	3.8164E-04
4.6428E-04	4.3562E-04
4.5389E-04	4.8936E-04
4.4213E-04	5.4282E-04
4.2894E-04	5.9594E-04
4.1421E-04	6.4865E-04
3.9764E-04	7.0082E-04
3.7942E-04	7.5243E-04
3.5921E-04	8.0329E-04
3.3678E-04	8.5321E-04
2.0365E-04	7.7115E-04
2.3070E-04	8.0384E-04
2.5775E-04	8.3654E-04
2.8480E-04	8.6924E-04
-3.4630E-07	9.3563E-04
-3.6151E-06	9.8912E-04
-6.8839E-06	1.0426E-03
-1.0153E-05	1.0961E-03
2.7733E-05	8.6161E-04
5.2543E-05	8.4108E-04
7.7353E-05	8.2056E-04
1.0216E-04	8.0003E-04
1.2697E-04	7.7950E-04
1.5178E-04	7.5898E-04
2.8033E-04	9.5435E-04
2.4449E-04	1.0043E-03
2.0385E-04	1.0505E-03
1.5774E-04	1.0912E-03
1.0551E-04	1.1235E-03
4.7764E-05	1.1444E-03
3.1185E-04	9.0193E-04
5.0266E-04	2.1124E-19
3.1185E-04	-9.0193E-04
2.5260E-06	-1.1500E-03
-3.2637E-04	-8.7463E-04
-5.0266E-04	1.2178E-06
-1.3421E-05	1.1496E-03
-3.3692E-04	8.5343E-04
1.7659E-04	7.3845E-04
-1.7075E-04	7.3845E-04
2.9225E-06	8.8214E-04
2.6405E-04	8.6302E-37
1.7659E-04	-7.3845E-04
-1.7075E-04	-7.3845E-04
-2.5821E-04	4.3151E-36
2.9225E-06	-8.8214E-04
0.0000E+00	0.0000E+00
