115	1	107	117
3885	115	117	3630
3630	117	3629	3913
117	107	3898	3629
113	7	104	116
3886	113	116	3631
3631	116	115	3885
116	104	1	115
111	13	101	114
3887	111	114	3632
3632	114	113	3886
114	101	7	113
109	19	98	112
3888	109	112	3633
3633	112	111	3887
112	98	13	111
3634	3899	95	110
3905	3634	110	3635
3635	110	109	3888
110	95	19	109
105	2	93	108
1	105	108	107
107	108	3636	3898
108	93	3897	3636
102	8	90	106
7	102	106	104
104	106	105	1
106	90	2	105
99	14	87	103
13	99	103	101
101	103	102	7
103	87	8	102
96	20	84	100
19	96	100	98
98	100	99	13
100	84	14	99
3637	3900	81	97
3899	3637	97	95
95	97	96	19
97	81	20	96
91	3	79	94
2	91	94	93
93	94	3638	3897
94	79	3896	3638
88	9	76	92
8	88	92	90
90	92	91	2
92	76	3	91
85	15	73	89
14	85	89	87
87	89	88	8
89	73	9	88
82	21	70	86
20	82	86	84
84	86	85	14
86	70	15	85
3639	3901	67	83
3900	3639	83	81
81	83	82	20
83	67	21	82
77	4	65	80
3	77	80	79
79	80	3640	3896
80	65	3895	3640
74	10	62	78
9	74	78	76
76	78	77	3
78	62	4	77
71	16	59	75
15	71	75	73
73	75	74	9
75	59	10	74
68	22	56	72
21	68	72	70
70	72	71	15
72	56	16	71
3641	3902	53	69
3901	3641	69	67
67	69	68	21
69	53	22	68
63	5	51	66
4	63	66	65
65	66	3642	3895
66	51	3894	3642
60	11	48	64
10	60	64	62
62	64	63	4
64	48	5	63
57	17	45	61
16	57	61	59
59	61	60	10
61	45	11	60
54	23	42	58
22	54	58	56
56	58	57	16
58	42	17	57
3643	3903	39	55
3902	3643	55	53
53	55	54	22
55	39	23	54
49	6	37	52
5	49	52	51
51	52	3644	3894
52	37	3893	3644
46	12	34	50
11	46	50	48
48	50	49	5
50	34	6	49
43	18	31	47
17	43	47	45
45	47	46	11
47	31	12	46
40	24	28	44
23	40	44	42
42	44	43	17
44	28	18	43
3645	3904	25	41
3903	3645	41	39
39	41	40	23
41	25	24	40
35	3889	3647	38
6	35	38	37
37	38	3646	3893
38	3647	3915	3646
32	3890	3648	36
12	32	36	34
34	36	35	6
36	3648	3889	35
29	3891	3649	33
18	29	33	31
31	33	32	12
33	3649	3890	32
26	3892	3650	30
24	26	30	28
28	30	29	18
30	3650	3891	29
3652	3911	3651	27
3904	3652	27	25
25	27	26	24
27	3651	3892	26
412	118	404	414
3849	412	414	3591
3591	414	3590	3916
414	404	3868	3590
410	134	401	413
3850	410	413	3592
3592	413	412	3849
413	401	118	412
408	150	398	411
3851	408	411	3593
3593	411	410	3850
411	398	134	410
406	166	395	409
3852	406	409	3594
3594	409	408	3851
409	395	150	408
3595	3869	392	407
3906	3595	407	3596
3596	407	406	3852
407	392	166	406
402	119	390	405
118	402	405	404
404	405	3597	3868
405	390	3867	3597
399	135	387	403
134	399	403	401
401	403	402	118
403	387	119	402
396	151	384	400
150	396	400	398
398	400	399	134
400	384	135	399
393	167	381	397
166	393	397	395
395	397	396	150
397	381	151	396
3598	3870	378	394
3869	3598	394	392
392	394	393	166
394	378	167	393
388	120	376	391
119	388	391	390
390	391	3599	3867
391	376	3866	3599
385	136	373	389
135	385	389	387
387	389	388	119
389	373	120	388
382	152	370	386
151	382	386	384
384	386	385	135
386	370	136	385
379	168	367	383
167	379	383	381
381	383	382	151
383	367	152	382
3600	3871	364	380
3870	3600	380	378
378	380	379	167
380	364	168	379
374	121	362	377
120	374	377	376
376	377	3601	3866
377	362	3865	3601
371	137	359	375
136	371	375	373
373	375	374	120
375	359	121	374
368	153	356	372
152	368	372	370
370	372	371	136
372	356	137	371
365	169	353	369
168	365	369	367
367	369	368	152
369	353	153	368
3602	3872	350	366
3871	3602	366	364
364	366	365	168
366	350	169	365
360	122	348	363
121	360	363	362
362	363	3603	3865
363	348	3864	3603
357	138	345	361
137	357	361	359
359	361	360	121
361	345	122	360
354	154	342	358
153	354	358	356
356	358	357	137
358	342	138	357
351	170	339	355
169	351	355	353
353	355	354	153
355	339	154	354
3604	3873	336	352
3872	3604	352	350
350	352	351	169
352	336	170	351
346	123	334	349
122	346	349	348
348	349	3605	3864
349	334	3863	3605
343	139	331	347
138	343	347	345
345	347	346	122
347	331	123	346
340	155	328	344
154	340	344	342
342	344	343	138
344	328	139	343
337	171	325	341
170	337	341	339
339	341	340	154
341	325	155	340
3606	3874	322	338
3873	3606	338	336
336	338	337	170
338	322	171	337
332	124	320	335
123	332	335	334
334	335	3607	3863
335	320	3862	3607
329	140	317	333
139	329	333	331
331	333	332	123
333	317	124	332
326	156	314	330
155	326	330	328
328	330	329	139
330	314	140	329
323	172	311	327
171	323	327	325
325	327	326	155
327	311	156	326
3608	3875	308	324
3874	3608	324	322
322	324	323	171
324	308	172	323
318	125	306	321
124	318	321	320
320	321	3609	3862
321	306	3861	3609
315	141	303	319
140	315	319	317
317	319	318	124
319	303	125	318
312	157	300	316
156	312	316	314
314	316	315	140
316	300	141	315
309	173	297	313
172	309	313	311
311	313	312	156
313	297	157	312
3610	3876	294	310
3875	3610	310	308
308	310	309	172
310	294	173	309
304	126	292	307
125	304	307	306
306	307	3611	3861
307	292	3860	3611
301	142	289	305
141	301	305	303
303	305	304	125
305	289	126	304
298	158	286	302
157	298	302	300
300	302	301	141
302	286	142	301
295	174	283	299
173	295	299	297
297	299	298	157
299	283	158	298
3612	3877	280	296
3876	3612	296	294
294	296	295	173
296	280	174	295
290	127	278	293
126	290	293	292
292	293	3613	3860
293	278	3859	3613
287	143	275	291
142	287	291	289
289	291	290	126
291	275	127	290
284	159	272	288
158	284	288	286
286	288	287	142
288	272	143	287
281	175	269	285
174	281	285	283
283	285	284	158
285	269	159	284
3614	3878	266	282
3877	3614	282	280
280	282	281	174
282	266	175	281
276	128	264	279
127	276	279	278
278	279	3615	3859
279	264	3858	3615
273	144	261	277
143	273	277	275
275	277	276	127
277	261	128	276
270	160	258	274
159	270	274	272
272	274	273	143
274	258	144	273
267	176	255	271
175	267	271	269
269	271	270	159
271	255	160	270
3616	3879	252	268
3878	3616	268	266
266	268	267	175
268	252	176	267
262	129	250	265
128	262	265	264
264	265	3617	3858
265	250	3857	3617
259	145	247	263
144	259	263	261
261	263	262	128
263	247	129	262
256	161	244	260
160	256	260	258
258	260	259	144
260	244	145	259
253	177	241	257
176	253	257	255
255	257	256	160
257	241	161	256
3618	3880	238	254
3879	3618	254	252
252	254	253	176
254	238	177	253
248	130	236	251
129	248	251	250
250	251	3619	3857
251	236	3856	3619
245	146	233	249
145	245	249	247
247	249	248	129
249	233	130	248
242	162	230	246
161	242	246	244
244	246	245	145
246	230	146	245
239	178	227	243
177	239	243	241
241	243	242	161
243	227	162	242
3620	3881	224	240
3880	3620	240	238
238	240	239	177
240	224	178	239
234	131	222	237
130	234	237	236
236	237	3621	3856
237	222	3855	3621
231	147	219	235
146	231	235	233
233	235	234	130
235	219	131	234
228	163	216	232
162	228	232	230
230	232	231	146
232	216	147	231
225	179	213	229
178	225	229	227
227	229	228	162
229	213	163	228
3622	3882	210	226
3881	3622	226	224
224	226	225	178
226	210	179	225
220	132	208	223
131	220	223	222
222	223	3623	3855
223	208	3854	3623
217	148	205	221
147	217	221	219
219	221	220	131
221	205	132	220
214	164	202	218
163	214	218	216
216	218	217	147
218	202	148	217
211	180	199	215
179	211	215	213
213	215	214	163
215	199	164	214
3624	3883	196	212
3882	3624	212	210
210	212	211	179
212	196	180	211
206	133	194	209
132	206	209	208
208	209	3625	3854
209	194	3853	3625
203	149	191	207
148	203	207	205
205	207	206	132
207	191	133	206
200	165	188	204
164	200	204	202
202	204	203	148
204	188	149	203
197	181	185	201
180	197	201	199
199	201	200	164
201	185	165	200
3626	3884	182	198
3883	3626	198	196
196	198	197	180
198	182	181	197
192	3885	3630	195
133	192	195	194
194	195	3627	3853
195	3630	3913	3627
189	3886	3631	193
149	189	193	191
191	193	192	133
193	3631	3885	192
186	3887	3632	190
165	186	190	188
188	190	189	149
190	3632	3886	189
183	3888	3633	187
181	183	187	185
185	187	186	165
187	3633	3887	186
3628	3905	3635	184
3884	3628	184	182
182	184	183	181
184	3635	3888	183
709	415	701	711
3813	709	711	3552
3552	711	3551	3917
711	701	3817	3551
707	431	698	710
3814	707	710	3553
3553	710	709	3813
710	698	415	709
705	447	695	708
3815	705	708	3554
3554	708	707	3814
708	695	431	707
703	463	692	706
3816	703	706	3555
3555	706	705	3815
706	692	447	705
3556	3833	689	704
3907	3556	704	3557
3557	704	703	3816
704	689	463	703
699	416	687	702
415	699	702	701
701	702	3558	3817
702	687	3818	3558
696	432	684	700
431	696	700	698
698	700	699	415
700	684	416	699
693	448	681	697
447	693	697	695
695	697	696	431
697	681	432	696
690	464	678	694
463	690	694	692
692	694	693	447
694	678	448	693
3559	3834	675	691
3833	3559	691	689
689	691	690	463
691	675	464	690
685	417	673	688
416	685	688	687
687	688	3560	3818
688	673	3819	3560
682	433	670	686
432	682	686	684
684	686	685	416
686	670	417	685
679	449	667	683
448	679	683	681
681	683	682	432
683	667	433	682
676	465	664	680
464	676	680	678
678	680	679	448
680	664	449	679
3561	3835	661	677
3834	3561	677	675
675	677	676	464
677	661	465	676
671	418	659	674
417	671	674	673
673	674	3562	3819
674	659	3820	3562
668	434	656	672
433	668	672	670
670	672	671	417
672	656	418	671
665	450	653	669
449	665	669	667
667	669	668	433
669	653	434	668
662	466	650	666
465	662	666	664
664	666	665	449
666	650	450	665
3563	3836	647	663
3835	3563	663	661
661	663	662	465
663	647	466	662
657	419	645	660
418	657	660	659
659	660	3564	3820
660	645	3821	3564
654	435	642	658
434	654	658	656
656	658	657	418
658	642	419	657
651	451	639	655
450	651	655	653
653	655	654	434
655	639	435	654
648	467	636	652
466	648	652	650
650	652	651	450
652	636	451	651
3565	3837	633	649
3836	3565	649	647
647	649	648	466
649	633	467	648
643	420	631	646
419	643	646	645
645	646	3566	3821
646	631	3822	3566
640	436	628	644
435	640	644	642
642	644	643	419
644	628	420	643
637	452	625	641
451	637	641	639
639	641	640	435
641	625	436	640
634	468	622	638
467	634	638	636
636	638	637	451
638	622	452	637
3567	3838	619	635
3837	3567	635	633
633	635	634	467
635	619	468	634
629	421	617	632
420	629	632	631
631	632	3568	3822
632	617	3823	3568
626	437	614	630
436	626	630	628
628	630	629	420
630	614	421	629
623	453	611	627
452	623	627	625
625	627	626	436
627	611	437	626
620	469	608	624
468	620	624	622
622	624	623	452
624	608	453	623
3569	3839	605	621
3838	3569	621	619
619	621	620	468
621	605	469	620
615	422	603	618
421	615	618	617
617	618	3570	3823
618	603	3824	3570
612	438	600	616
437	612	616	614
614	616	615	421
616	600	422	615
609	454	597	613
453	609	613	611
611	613	612	437
613	597	438	612
606	470	594	610
469	606	610	608
608	610	609	453
610	594	454	609
3571	3840	591	607
3839	3571	607	605
605	607	606	469
607	591	470	606
601	423	589	604
422	601	604	603
603	604	3572	3824
604	589	3825	3572
598	439	586	602
438	598	602	600
600	602	601	422
602	586	423	601
595	455	583	599
454	595	599	597
597	599	598	438
599	583	439	598
592	471	580	596
470	592	596	594
594	596	595	454
596	580	455	595
3573	3841	577	593
3840	3573	593	591
591	593	592	470
593	577	471	592
587	424	575	590
423	587	590	589
589	590	3574	3825
590	575	3826	3574
584	440	572	588
439	584	588	586
586	588	587	423
588	572	424	587
581	456	569	585
455	581	585	583
583	585	584	439
585	569	440	584
578	472	566	582
471	578	582	580
580	582	581	455
582	566	456	581
3575	3842	563	579
3841	3575	579	577
577	579	578	471
579	563	472	578
573	425	561	576
424	573	576	575
575	576	3576	3826
576	561	3827	3576
570	441	558	574
440	570	574	572
572	574	573	424
574	558	425	573
567	457	555	571
456	567	571	569
569	571	570	440
571	555	441	570
564	473	552	568
472	564	568	566
566	568	567	456
568	552	457	567
3577	3843	549	565
3842	3577	565	563
563	565	564	472
565	549	473	564
559	426	547	562
425	559	562	561
561	562	3578	3827
562	547	3828	3578
556	442	544	560
441	556	560	558
558	560	559	425
560	544	426	559
553	458	541	557
457	553	557	555
555	557	556	441
557	541	442	556
550	474	538	554
473	550	554	552
552	554	553	457
554	538	458	553
3579	3844	535	551
3843	3579	551	549
549	551	550	473
551	535	474	550
545	427	533	548
426	545	548	547
547	548	3580	3828
548	533	3829	3580
542	443	530	546
442	542	546	544
544	546	545	426
546	530	427	545
539	459	527	543
458	539	543	541
541	543	542	442
543	527	443	542
536	475	524	540
474	536	540	538
538	540	539	458
540	524	459	539
3581	3845	521	537
3844	3581	537	535
535	537	536	474
537	521	475	536
531	428	519	534
427	531	534	533
533	534	3582	3829
534	519	3830	3582
528	444	516	532
443	528	532	530
530	532	531	427
532	516	428	531
525	460	513	529
459	525	529	527
527	529	528	443
529	513	444	528
522	476	510	526
475	522	526	524
524	526	525	459
526	510	460	525
3583	3846	507	523
3845	3583	523	521
521	523	522	475
523	507	476	522
517	429	505	520
428	517	520	519
519	520	3584	3830
520	505	3831	3584
514	445	502	518
444	514	518	516
516	518	517	428
518	502	429	517
511	461	499	515
460	511	515	513
513	515	514	444
515	499	445	514
508	477	496	512
476	508	512	510
510	512	511	460
512	496	461	511
3585	3847	493	509
3846	3585	509	507
507	509	508	476
509	493	477	508
503	430	491	506
429	503	506	505
505	506	3586	3831
506	491	3832	3586
500	446	488	504
445	500	504	502
502	504	503	429
504	488	430	503
497	462	485	501
461	497	501	499
499	501	500	445
501	485	446	500
494	478	482	498
477	494	498	496
496	498	497	461
498	482	462	497
3587	3848	479	495
3847	3587	495	493
493	495	494	477
495	479	478	494
489	3849	3591	492
430	489	492	491
491	492	3588	3832
492	3591	3916	3588
486	3850	3592	490
446	486	490	488
488	490	489	430
490	3592	3849	489
483	3851	3593	487
462	483	487	485
485	487	486	446
487	3593	3850	486
480	3852	3594	484
478	480	484	482
482	484	483	462
484	3594	3851	483
3589	3906	3596	481
3848	3589	481	479
479	481	480	478
481	3596	3852	480
826	712	818	828
3800	826	828	3533
3533	828	3532	3920
828	818	3801	3532
824	718	815	827
3799	824	827	3534
3534	827	826	3800
827	815	712	826
822	724	812	825
3798	822	825	3535
3535	825	824	3799
825	812	718	824
820	730	809	823
3797	820	823	3536
3536	823	822	3798
823	809	724	822
3537	3807	806	821
3908	3537	821	3538
3538	821	820	3797
821	806	730	820
816	713	804	819
712	816	819	818
818	819	3539	3801
819	804	3802	3539
813	719	801	817
718	813	817	815
815	817	816	712
817	801	713	816
810	725	798	814
724	810	814	812
812	814	813	718
814	798	719	813
807	731	795	811
730	807	811	809
809	811	810	724
811	795	725	810
3540	3808	792	808
3807	3540	808	806
806	808	807	730
808	792	731	807
802	714	790	805
713	802	805	804
804	805	3541	3802
805	790	3803	3541
799	720	787	803
719	799	803	801
801	803	802	713
803	787	714	802
796	726	784	800
725	796	800	798
798	800	799	719
800	784	720	799
793	732	781	797
731	793	797	795
795	797	796	725
797	781	726	796
3542	3809	778	794
3808	3542	794	792
792	794	793	731
794	778	732	793
788	715	776	791
714	788	791	790
790	791	3543	3803
791	776	3804	3543
785	721	773	789
720	785	789	787
787	789	788	714
789	773	715	788
782	727	770	786
726	782	786	784
784	786	785	720
786	770	721	785
779	733	767	783
732	779	783	781
781	783	782	726
783	767	727	782
3544	3810	764	780
3809	3544	780	778
778	780	779	732
780	764	733	779
774	716	762	777
715	774	777	776
776	777	3545	3804
777	762	3805	3545
771	722	759	775
721	771	775	773
773	775	774	715
775	759	716	774
768	728	756	772
727	768	772	770
770	772	771	721
772	756	722	771
765	734	753	769
733	765	769	767
767	769	768	727
769	753	728	768
3546	3811	750	766
3810	3546	766	764
764	766	765	733
766	750	734	765
760	717	748	763
716	760	763	762
762	763	3547	3805
763	748	3806	3547
757	723	745	761
722	757	761	759
759	761	760	716
761	745	717	760
754	729	742	758
728	754	758	756
756	758	757	722
758	742	723	757
751	735	739	755
734	751	755	753
753	755	754	728
755	739	729	754
3548	3812	736	752
3811	3548	752	750
750	752	751	734
752	736	735	751
746	3813	3552	749
717	746	749	748
748	749	3549	3806
749	3552	3917	3549
743	3814	3553	747
723	743	747	745
745	747	746	717
747	3553	3813	746
740	3815	3554	744
729	740	744	742
742	744	743	723
744	3554	3814	743
737	3816	3555	741
735	737	741	739
739	741	740	729
741	3555	3815	740
3550	3907	3557	738
3812	3550	738	736
736	738	737	735
738	3557	3816	737
943	829	935	945
3781	943	945	3514
3514	945	3513	3918
945	935	3790	3513
941	835	932	944
3782	941	944	3515
3515	944	943	3781
944	932	829	943
939	841	929	942
3783	939	942	3516
3516	942	941	3782
942	929	835	941
937	847	926	940
3784	937	940	3517
3517	940	939	3783
940	926	841	939
3518	3791	923	938
3909	3518	938	3519
3519	938	937	3784
938	923	847	937
933	830	921	936
829	933	936	935
935	936	3520	3790
936	921	3789	3520
930	836	918	934
835	930	934	932
932	934	933	829
934	918	830	933
927	842	915	931
841	927	931	929
929	931	930	835
931	915	836	930
924	848	912	928
847	924	928	926
926	928	927	841
928	912	842	927
3521	3792	909	925
3791	3521	925	923
923	925	924	847
925	909	848	924
919	831	907	922
830	919	922	921
921	922	3522	3789
922	907	3788	3522
916	837	904	920
836	916	920	918
918	920	919	830
920	904	831	919
913	843	901	917
842	913	917	915
915	917	916	836
917	901	837	916
910	849	898	914
848	910	914	912
912	914	913	842
914	898	843	913
3523	3793	895	911
3792	3523	911	909
909	911	910	848
911	895	849	910
905	832	893	908
831	905	908	907
907	908	3524	3788
908	893	3787	3524
902	838	890	906
837	902	906	904
904	906	905	831
906	890	832	905
899	844	887	903
843	899	903	901
901	903	902	837
903	887	838	902
896	850	884	900
849	896	900	898
898	900	899	843
900	884	844	899
3525	3794	881	897
3793	3525	897	895
895	897	896	849
897	881	850	896
891	833	879	894
832	891	894	893
893	894	3526	3787
894	879	3786	3526
888	839	876	892
838	888	892	890
890	892	891	832
892	876	833	891
885	845	873	889
844	885	889	887
887	889	888	838
889	873	839	888
882	851	870	886
850	882	886	884
884	886	885	844
886	870	845	885
3527	3795	867	883
3794	3527	883	881
881	883	882	850
883	867	851	882
877	834	865	880
833	877	880	879
879	880	3528	3786
880	865	3785	3528
874	840	862	878
839	874	878	876
876	878	877	833
878	862	834	877
871	846	859	875
845	871	875	873
873	875	874	839
875	859	840	874
868	852	856	872
851	868	872	870
870	872	871	845
872	856	846	871
3529	3796	853	869
3795	3529	869	867
867	869	868	851
869	853	852	868
863	3800	3533	866
834	863	866	865
865	866	3530	3785
866	3533	3920	3530
860	3799	3534	864
840	860	864	862
862	864	863	834
864	3534	3800	863
857	3798	3535	861
846	857	861	859
859	861	860	840
861	3535	3799	860
854	3797	3536	858
852	854	858	856
856	858	857	846
858	3536	3798	857
3531	3908	3538	855
3796	3531	855	853
853	855	854	852
855	3538	3797	854
1240	946	1232	1242
3745	1240	1242	3475
3475	1242	3474	3919
1242	1232	3764	3474
1238	962	1229	1241
3746	1238	1241	3476
3476	1241	1240	3745
1241	1229	946	1240
1236	978	1226	1239
3747	1236	1239	3477
3477	1239	1238	3746
1239	1226	962	1238
1234	994	1223	1237
3748	1234	1237	3478
3478	1237	1236	3747
1237	1223	978	1236
3479	3765	1220	1235
3910	3479	1235	3480
3480	1235	1234	3748
1235	1220	994	1234
1230	947	1218	1233
946	1230	1233	1232
1232	1233	3481	3764
1233	1218	3763	3481
1227	963	1215	1231
962	1227	1231	1229
1229	1231	1230	946
1231	1215	947	1230
1224	979	1212	1228
978	1224	1228	1226
1226	1228	1227	962
1228	1212	963	1227
1221	995	1209	1225
994	1221	1225	1223
1223	1225	1224	978
1225	1209	979	1224
3482	3766	1206	1222
3765	3482	1222	1220
1220	1222	1221	994
1222	1206	995	1221
1216	948	1204	1219
947	1216	1219	1218
1218	1219	3483	3763
1219	1204	3762	3483
1213	964	1201	1217
963	1213	1217	1215
1215	1217	1216	947
1217	1201	948	1216
1210	980	1198	1214
979	1210	1214	1212
1212	1214	1213	963
1214	1198	964	1213
1207	996	1195	1211
995	1207	1211	1209
1209	1211	1210	979
1211	1195	980	1210
3484	3767	1192	1208
3766	3484	1208	1206
1206	1208	1207	995
1208	1192	996	1207
1202	949	1190	1205
948	1202	1205	1204
1204	1205	3485	3762
1205	1190	3761	3485
1199	965	1187	1203
964	1199	1203	1201
1201	1203	1202	948
1203	1187	949	1202
1196	981	1184	1200
980	1196	1200	1198
1198	1200	1199	964
1200	1184	965	1199
1193	997	1181	1197
996	1193	1197	1195
1195	1197	1196	980
1197	1181	981	1196
3486	3768	1178	1194
3767	3486	1194	1192
1192	1194	1193	996
1194	1178	997	1193
1188	950	1176	1191
949	1188	1191	1190
1190	1191	3487	3761
1191	1176	3760	3487
1185	966	1173	1189
965	1185	1189	1187
1187	1189	1188	949
1189	1173	950	1188
1182	982	1170	1186
981	1182	1186	1184
1184	1186	1185	965
1186	1170	966	1185
1179	998	1167	1183
997	1179	1183	1181
1181	1183	1182	981
1183	1167	982	1182
3488	3769	1164	1180
3768	3488	1180	1178
1178	1180	1179	997
1180	1164	998	1179
1174	951	1162	1177
950	1174	1177	1176
1176	1177	3489	3760
1177	1162	3759	3489
1171	967	1159	1175
966	1171	1175	1173
1173	1175	1174	950
1175	1159	951	1174
1168	983	1156	1172
982	1168	1172	1170
1170	1172	1171	966
1172	1156	967	1171
1165	999	1153	1169
998	1165	1169	1167
1167	1169	1168	982
1169	1153	983	1168
3490	3770	1150	1166
3769	3490	1166	1164
1164	1166	1165	998
1166	1150	999	1165
1160	952	1148	1163
951	1160	1163	1162
1162	1163	3491	3759
1163	1148	3758	3491
1157	968	1145	1161
967	1157	1161	1159
1159	1161	1160	951
1161	1145	952	1160
1154	984	1142	1158
983	1154	1158	1156
1156	1158	1157	967
1158	1142	968	1157
1151	1000	1139	1155
999	1151	1155	1153
1153	1155	1154	983
1155	1139	984	1154
3492	3771	1136	1152
3770	3492	1152	1150
1150	1152	1151	999
1152	1136	1000	1151
1146	953	1134	1149
952	1146	1149	1148
1148	1149	3493	3758
1149	1134	3757	3493
1143	969	1131	1147
968	1143	1147	1145
1145	1147	1146	952
1147	1131	953	1146
1140	985	1128	1144
984	1140	1144	1142
1142	1144	1143	968
1144	1128	969	1143
1137	1001	1125	1141
1000	1137	1141	1139
1139	1141	1140	984
1141	1125	985	1140
3494	3772	1122	1138
3771	3494	1138	1136
1136	1138	1137	1000
1138	1122	1001	1137
1132	954	1120	1135
953	1132	1135	1134
1134	1135	3495	3757
1135	1120	3756	3495
1129	970	1117	1133
969	1129	1133	1131
1131	1133	1132	953
1133	1117	954	1132
1126	986	1114	1130
985	1126	1130	1128
1128	1130	1129	969
1130	1114	970	1129
1123	1002	1111	1127
1001	1123	1127	1125
1125	1127	1126	985
1127	1111	986	1126
3496	3773	1108	1124
3772	3496	1124	1122
1122	1124	1123	1001
1124	1108	1002	1123
1118	955	1106	1121
954	1118	1121	1120
1120	1121	3497	3756
1121	1106	3755	3497
1115	971	1103	1119
970	1115	1119	1117
1117	1119	1118	954
1119	1103	955	1118
1112	987	1100	1116
986	1112	1116	1114
1114	1116	1115	970
1116	1100	971	1115
1109	1003	1097	1113
1002	1109	1113	1111
1111	1113	1112	986
1113	1097	987	1112
3498	3774	1094	1110
3773	3498	1110	1108
1108	1110	1109	1002
1110	1094	1003	1109
1104	956	1092	1107
955	1104	1107	1106
1106	1107	3499	3755
1107	1092	3754	3499
1101	972	1089	1105
971	1101	1105	1103
1103	1105	1104	955
1105	1089	956	1104
1098	988	1086	1102
987	1098	1102	1100
1100	1102	1101	971
1102	1086	972	1101
1095	1004	1083	1099
1003	1095	1099	1097
1097	1099	1098	987
1099	1083	988	1098
3500	3775	1080	1096
3774	3500	1096	1094
1094	1096	1095	1003
1096	1080	1004	1095
1090	957	1078	1093
956	1090	1093	1092
1092	1093	3501	3754
1093	1078	3753	3501
1087	973	1075	1091
972	1087	1091	1089
1089	1091	1090	956
1091	1075	957	1090
1084	989	1072	1088
988	1084	1088	1086
1086	1088	1087	972
1088	1072	973	1087
1081	1005	1069	1085
1004	1081	1085	1083
1083	1085	1084	988
1085	1069	989	1084
3502	3776	1066	1082
3775	3502	1082	1080
1080	1082	1081	1004
1082	1066	1005	1081
1076	958	1064	1079
957	1076	1079	1078
1078	1079	3503	3753
1079	1064	3752	3503
1073	974	1061	1077
973	1073	1077	1075
1075	1077	1076	957
1077	1061	958	1076
1070	990	1058	1074
989	1070	1074	1072
1072	1074	1073	973
1074	1058	974	1073
1067	1006	1055	1071
1005	1067	1071	1069
1069	1071	1070	989
1071	1055	990	1070
3504	3777	1052	1068
3776	3504	1068	1066
1066	1068	1067	1005
1068	1052	1006	1067
1062	959	1050	1065
958	1062	1065	1064
1064	1065	3505	3752
1065	1050	3751	3505
1059	975	1047	1063
974	1059	1063	1061
1061	1063	1062	958
1063	1047	959	1062
1056	991	1044	1060
990	1056	1060	1058
1058	1060	1059	974
1060	1044	975	1059
1053	1007	1041	1057
1006	1053	1057	1055
1055	1057	1056	990
1057	1041	991	1056
3506	3778	1038	1054
3777	3506	1054	1052
1052	1054	1053	1006
1054	1038	1007	1053
1048	960	1036	1051
959	1048	1051	1050
1050	1051	3507	3751
1051	1036	3750	3507
1045	976	1033	1049
975	1045	1049	1047
1047	1049	1048	959
1049	1033	960	1048
1042	992	1030	1046
991	1042	1046	1044
1044	1046	1045	975
1046	1030	976	1045
1039	1008	1027	1043
1007	1039	1043	1041
1041	1043	1042	991
1043	1027	992	1042
3508	3779	1024	1040
3778	3508	1040	1038
1038	1040	1039	1007
1040	1024	1008	1039
1034	961	1022	1037
960	1034	1037	1036
1036	1037	3509	3750
1037	1022	3749	3509
1031	977	1019	1035
976	1031	1035	1033
1033	1035	1034	960
1035	1019	961	1034
1028	993	1016	1032
992	1028	1032	1030
1030	1032	1031	976
1032	1016	977	1031
1025	1009	1013	1029
1008	1025	1029	1027
1027	1029	1028	992
1029	1013	993	1028
3510	3780	1010	1026
3779	3510	1026	1024
1024	1026	1025	1008
1026	1010	1009	1025
1020	3781	3514	1023
961	1020	1023	1022
1022	1023	3511	3749
1023	3514	3918	3511
1017	3782	3515	1021
977	1017	1021	1019
1019	1021	1020	961
1021	3515	3781	1020
1014	3783	3516	1018
993	1014	1018	1016
1016	1018	1017	977
1018	3516	3782	1017
1011	3784	3517	1015
1009	1011	1015	1013
1013	1015	1014	993
1015	3517	3783	1014
3512	3909	3519	1012
3780	3512	1012	1010
1010	1012	1011	1009
1012	3519	3784	1011
1537	1243	1529	1539
3709	1537	1539	3436
3436	1539	3435	3914
1539	1529	3713	3435
1535	1259	1526	1538
3710	1535	1538	3437
3437	1538	1537	3709
1538	1526	1243	1537
1533	1275	1523	1536
3711	1533	1536	3438
3438	1536	1535	3710
1536	1523	1259	1535
1531	1291	1520	1534
3712	1531	1534	3439
3439	1534	1533	3711
1534	1520	1275	1533
3440	3729	1517	1532
3912	3440	1532	3441
3441	1532	1531	3712
1532	1517	1291	1531
1527	1244	1515	1530
1243	1527	1530	1529
1529	1530	3442	3713
1530	1515	3714	3442
1524	1260	1512	1528
1259	1524	1528	1526
1526	1528	1527	1243
1528	1512	1244	1527
1521	1276	1509	1525
1275	1521	1525	1523
1523	1525	1524	1259
1525	1509	1260	1524
1518	1292	1506	1522
1291	1518	1522	1520
1520	1522	1521	1275
1522	1506	1276	1521
3443	3730	1503	1519
3729	3443	1519	1517
1517	1519	1518	1291
1519	1503	1292	1518
1513	1245	1501	1516
1244	1513	1516	1515
1515	1516	3444	3714
1516	1501	3715	3444
1510	1261	1498	1514
1260	1510	1514	1512
1512	1514	1513	1244
1514	1498	1245	1513
1507	1277	1495	1511
1276	1507	1511	1509
1509	1511	1510	1260
1511	1495	1261	1510
1504	1293	1492	1508
1292	1504	1508	1506
1506	1508	1507	1276
1508	1492	1277	1507
3445	3731	1489	1505
3730	3445	1505	1503
1503	1505	1504	1292
1505	1489	1293	1504
1499	1246	1487	1502
1245	1499	1502	1501
1501	1502	3446	3715
1502	1487	3716	3446
1496	1262	1484	1500
1261	1496	1500	1498
1498	1500	1499	1245
1500	1484	1246	1499
1493	1278	1481	1497
1277	1493	1497	1495
1495	1497	1496	1261
1497	1481	1262	1496
1490	1294	1478	1494
1293	1490	1494	1492
1492	1494	1493	1277
1494	1478	1278	1493
3447	3732	1475	1491
3731	3447	1491	1489
1489	1491	1490	1293
1491	1475	1294	1490
1485	1247	1473	1488
1246	1485	1488	1487
1487	1488	3448	3716
1488	1473	3717	3448
1482	1263	1470	1486
1262	1482	1486	1484
1484	1486	1485	1246
1486	1470	1247	1485
1479	1279	1467	1483
1278	1479	1483	1481
1481	1483	1482	1262
1483	1467	1263	1482
1476	1295	1464	1480
1294	1476	1480	1478
1478	1480	1479	1278
1480	1464	1279	1479
3449	3733	1461	1477
3732	3449	1477	1475
1475	1477	1476	1294
1477	1461	1295	1476
1471	1248	1459	1474
1247	1471	1474	1473
1473	1474	3450	3717
1474	1459	3718	3450
1468	1264	1456	1472
1263	1468	1472	1470
1470	1472	1471	1247
1472	1456	1248	1471
1465	1280	1453	1469
1279	1465	1469	1467
1467	1469	1468	1263
1469	1453	1264	1468
1462	1296	1450	1466
1295	1462	1466	1464
1464	1466	1465	1279
1466	1450	1280	1465
3451	3734	1447	1463
3733	3451	1463	1461
1461	1463	1462	1295
1463	1447	1296	1462
1457	1249	1445	1460
1248	1457	1460	1459
1459	1460	3452	3718
1460	1445	3719	3452
1454	1265	1442	1458
1264	1454	1458	1456
1456	1458	1457	1248
1458	1442	1249	1457
1451	1281	1439	1455
1280	1451	1455	1453
1453	1455	1454	1264
1455	1439	1265	1454
1448	1297	1436	1452
1296	1448	1452	1450
1450	1452	1451	1280
1452	1436	1281	1451
3453	3735	1433	1449
3734	3453	1449	1447
1447	1449	1448	1296
1449	1433	1297	1448
1443	1250	1431	1446
1249	1443	1446	1445
1445	1446	3454	3719
1446	1431	3720	3454
1440	1266	1428	1444
1265	1440	1444	1442
1442	1444	1443	1249
1444	1428	1250	1443
1437	1282	1425	1441
1281	1437	1441	1439
1439	1441	1440	1265
1441	1425	1266	1440
1434	1298	1422	1438
1297	1434	1438	1436
1436	1438	1437	1281
1438	1422	1282	1437
3455	3736	1419	1435
3735	3455	1435	1433
1433	1435	1434	1297
1435	1419	1298	1434
1429	1251	1417	1432
1250	1429	1432	1431
1431	1432	3456	3720
1432	1417	3721	3456
1426	1267	1414	1430
1266	1426	1430	1428
1428	1430	1429	1250
1430	1414	1251	1429
1423	1283	1411	1427
1282	1423	1427	1425
1425	1427	1426	1266
1427	1411	1267	1426
1420	1299	1408	1424
1298	1420	1424	1422
1422	1424	1423	1282
1424	1408	1283	1423
3457	3737	1405	1421
3736	3457	1421	1419
1419	1421	1420	1298
1421	1405	1299	1420
1415	1252	1403	1418
1251	1415	1418	1417
1417	1418	3458	3721
1418	1403	3722	3458
1412	1268	1400	1416
1267	1412	1416	1414
1414	1416	1415	1251
1416	1400	1252	1415
1409	1284	1397	1413
1283	1409	1413	1411
1411	1413	1412	1267
1413	1397	1268	1412
1406	1300	1394	1410
1299	1406	1410	1408
1408	1410	1409	1283
1410	1394	1284	1409
3459	3738	1391	1407
3737	3459	1407	1405
1405	1407	1406	1299
1407	1391	1300	1406
1401	1253	1389	1404
1252	1401	1404	1403
1403	1404	3460	3722
1404	1389	3723	3460
1398	1269	1386	1402
1268	1398	1402	1400
1400	1402	1401	1252
1402	1386	1253	1401
1395	1285	1383	1399
1284	1395	1399	1397
1397	1399	1398	1268
1399	1383	1269	1398
1392	1301	1380	1396
1300	1392	1396	1394
1394	1396	1395	1284
1396	1380	1285	1395
3461	3739	1377	1393
3738	3461	1393	1391
1391	1393	1392	1300
1393	1377	1301	1392
1387	1254	1375	1390
1253	1387	1390	1389
1389	1390	3462	3723
1390	1375	3724	3462
1384	1270	1372	1388
1269	1384	1388	1386
1386	1388	1387	1253
1388	1372	1254	1387
1381	1286	1369	1385
1285	1381	1385	1383
1383	1385	1384	1269
1385	1369	1270	1384
1378	1302	1366	1382
1301	1378	1382	1380
1380	1382	1381	1285
1382	1366	1286	1381
3463	3740	1363	1379
3739	3463	1379	1377
1377	1379	1378	1301
1379	1363	1302	1378
1373	1255	1361	1376
1254	1373	1376	1375
1375	1376	3464	3724
1376	1361	3725	3464
1370	1271	1358	1374
1270	1370	1374	1372
1372	1374	1373	1254
1374	1358	1255	1373
1367	1287	1355	1371
1286	1367	1371	1369
1369	1371	1370	1270
1371	1355	1271	1370
1364	1303	1352	1368
1302	1364	1368	1366
1366	1368	1367	1286
1368	1352	1287	1367
3465	3741	1349	1365
3740	3465	1365	1363
1363	1365	1364	1302
1365	1349	1303	1364
1359	1256	1347	1362
1255	1359	1362	1361
1361	1362	3466	3725
1362	1347	3726	3466
1356	1272	1344	1360
1271	1356	1360	1358
1358	1360	1359	1255
1360	1344	1256	1359
1353	1288	1341	1357
1287	1353	1357	1355
1355	1357	1356	1271
1357	1341	1272	1356
1350	1304	1338	1354
1303	1350	1354	1352
1352	1354	1353	1287
1354	1338	1288	1353
3467	3742	1335	1351
3741	3467	1351	1349
1349	1351	1350	1303
1351	1335	1304	1350
1345	1257	1333	1348
1256	1345	1348	1347
1347	1348	3468	3726
1348	1333	3727	3468
1342	1273	1330	1346
1272	1342	1346	1344
1344	1346	1345	1256
1346	1330	1257	1345
1339	1289	1327	1343
1288	1339	1343	1341
1341	1343	1342	1272
1343	1327	1273	1342
1336	1305	1324	1340
1304	1336	1340	1338
1338	1340	1339	1288
1340	1324	1289	1339
3469	3743	1321	1337
3742	3469	1337	1335
1335	1337	1336	1304
1337	1321	1305	1336
1331	1258	1319	1334
1257	1331	1334	1333
1333	1334	3470	3727
1334	1319	3728	3470
1328	1274	1316	1332
1273	1328	1332	1330
1330	1332	1331	1257
1332	1316	1258	1331
1325	1290	1313	1329
1289	1325	1329	1327
1327	1329	1328	1273
1329	1313	1274	1328
1322	1306	1310	1326
1305	1322	1326	1324
1324	1326	1325	1289
1326	1310	1290	1325
3471	3744	1307	1323
3743	3471	1323	1321
1321	1323	1322	1305
1323	1307	1306	1322
1317	3745	3475	1320
1258	1317	1320	1319
1319	1320	3472	3728
1320	3475	3919	3472
1314	3746	3476	1318
1274	1314	1318	1316
1316	1318	1317	1258
1318	3476	3745	1317
1311	3747	3477	1315
1290	1311	1315	1313
1313	1315	1314	1274
1315	3477	3746	1314
1308	3748	3478	1312
1306	1308	1312	1310
1310	1312	1311	1290
1312	3478	3747	1311
3473	3910	3480	1309
3744	3473	1309	1307
1307	1309	1308	1306
1309	3480	3748	1308
1654	1540	1646	1656
3889	1654	1656	3647
3647	1656	3421	3915
1656	1646	3697	3421
1652	1546	1643	1655
3890	1652	1655	3648
3648	1655	1654	3889
1655	1643	1540	1654
1650	1552	1640	1653
3891	1650	1653	3649
3649	1653	1652	3890
1653	1640	1546	1652
1648	1558	1637	1651
3892	1648	1651	3650
3650	1651	1650	3891
1651	1637	1552	1650
3422	3703	1634	1649
3911	3422	1649	3651
3651	1649	1648	3892
1649	1634	1558	1648
1644	1541	1632	1647
1540	1644	1647	1646
1646	1647	3423	3697
1647	1632	3698	3423
1641	1547	1629	1645
1546	1641	1645	1643
1643	1645	1644	1540
1645	1629	1541	1644
1638	1553	1626	1642
1552	1638	1642	1640
1640	1642	1641	1546
1642	1626	1547	1641
1635	1559	1623	1639
1558	1635	1639	1637
1637	1639	1638	1552
1639	1623	1553	1638
3424	3704	1620	1636
3703	3424	1636	1634
1634	1636	1635	1558
1636	1620	1559	1635
1630	1542	1618	1633
1541	1630	1633	1632
1632	1633	3425	3698
1633	1618	3699	3425
1627	1548	1615	1631
1547	1627	1631	1629
1629	1631	1630	1541
1631	1615	1542	1630
1624	1554	1612	1628
1553	1624	1628	1626
1626	1628	1627	1547
1628	1612	1548	1627
1621	1560	1609	1625
1559	1621	1625	1623
1623	1625	1624	1553
1625	1609	1554	1624
3426	3705	1606	1622
3704	3426	1622	1620
1620	1622	1621	1559
1622	1606	1560	1621
1616	1543	1604	1619
1542	1616	1619	1618
1618	1619	3427	3699
1619	1604	3700	3427
1613	1549	1601	1617
1548	1613	1617	1615
1615	1617	1616	1542
1617	1601	1543	1616
1610	1555	1598	1614
1554	1610	1614	1612
1612	1614	1613	1548
1614	1598	1549	1613
1607	1561	1595	1611
1560	1607	1611	1609
1609	1611	1610	1554
1611	1595	1555	1610
3428	3706	1592	1608
3705	3428	1608	1606
1606	1608	1607	1560
1608	1592	1561	1607
1602	1544	1590	1605
1543	1602	1605	1604
1604	1605	3429	3700
1605	1590	3701	3429
1599	1550	1587	1603
1549	1599	1603	1601
1601	1603	1602	1543
1603	1587	1544	1602
1596	1556	1584	1600
1555	1596	1600	1598
1598	1600	1599	1549
1600	1584	1550	1599
1593	1562	1581	1597
1561	1593	1597	1595
1595	1597	1596	1555
1597	1581	1556	1596
3430	3707	1578	1594
3706	3430	1594	1592
1592	1594	1593	1561
1594	1578	1562	1593
1588	1545	1576	1591
1544	1588	1591	1590
1590	1591	3431	3701
1591	1576	3702	3431
1585	1551	1573	1589
1550	1585	1589	1587
1587	1589	1588	1544
1589	1573	1545	1588
1582	1557	1570	1586
1556	1582	1586	1584
1584	1586	1585	1550
1586	1570	1551	1585
1579	1563	1567	1583
1562	1579	1583	1581
1581	1583	1582	1556
1583	1567	1557	1582
3432	3708	1564	1580
3707	3432	1580	1578
1578	1580	1579	1562
1580	1564	1563	1579
1574	3709	3436	1577
1545	1574	1577	1576
1576	1577	3433	3702
1577	3436	3914	3433
1571	3710	3437	1575
1551	1571	1575	1573
1573	1575	1574	1545
1575	3437	3709	1574
1568	3711	3438	1572
1557	1568	1572	1570
1570	1572	1571	1551
1572	3438	3710	1571
1565	3712	3439	1569
1563	1565	1569	1567
1567	1569	1568	1557
1569	3439	3711	1568
3434	3912	3441	1566
3708	3434	1566	1564
1564	1566	1565	1563
1566	3441	3712	1565
2083	1657	2071	2085
3898	2083	2085	3629
3629	2085	3627	3913
2085	2071	3853	3627
2081	1673	2068	2084
3897	2081	2084	3636
3636	2084	2083	3898
2084	2068	1657	2083
2079	1689	2065	2082
3896	2079	2082	3638
3638	2082	2081	3897
2082	2065	1673	2081
2077	1705	2062	2080
3895	2077	2080	3640
3640	2080	2079	3896
2080	2062	1689	2079
2075	1721	2059	2078
3894	2075	2078	3642
3642	2078	2077	3895
2078	2059	1705	2077
2073	1737	2056	2076
3893	2073	2076	3644
3644	2076	2075	3894
2076	2056	1721	2075
3397	3675	2053	2074
3915	3397	2074	3646
3646	2074	2073	3893
2074	2053	1737	2073
2069	1658	2051	2072
1657	2069	2072	2071
2071	2072	3625	3853
2072	2051	3854	3625
2066	1674	2048	2070
1673	2066	2070	2068
2068	2070	2069	1657
2070	2048	1658	2069
2063	1690	2045	2067
1689	2063	2067	2065
2065	2067	2066	1673
2067	2045	1674	2066
2060	1706	2042	2064
1705	2060	2064	2062
2062	2064	2063	1689
2064	2042	1690	2063
2057	1722	2039	2061
1721	2057	2061	2059
2059	2061	2060	1705
2061	2039	1706	2060
2054	1738	2036	2058
1737	2054	2058	2056
2056	2058	2057	1721
2058	2036	1722	2057
3398	3676	2033	2055
3675	3398	2055	2053
2053	2055	2054	1737
2055	2033	1738	2054
2049	1659	2031	2052
1658	2049	2052	2051
2051	2052	3623	3854
2052	2031	3855	3623
2046	1675	2028	2050
1674	2046	2050	2048
2048	2050	2049	1658
2050	2028	1659	2049
2043	1691	2025	2047
1690	2043	2047	2045
2045	2047	2046	1674
2047	2025	1675	2046
2040	1707	2022	2044
1706	2040	2044	2042
2042	2044	2043	1690
2044	2022	1691	2043
2037	1723	2019	2041
1722	2037	2041	2039
2039	2041	2040	1706
2041	2019	1707	2040
2034	1739	2016	2038
1738	2034	2038	2036
2036	2038	2037	1722
2038	2016	1723	2037
3399	3677	2013	2035
3676	3399	2035	2033
2033	2035	2034	1738
2035	2013	1739	2034
2029	1660	2011	2032
1659	2029	2032	2031
2031	2032	3621	3855
2032	2011	3856	3621
2026	1676	2008	2030
1675	2026	2030	2028
2028	2030	2029	1659
2030	2008	1660	2029
2023	1692	2005	2027
1691	2023	2027	2025
2025	2027	2026	1675
2027	2005	1676	2026
2020	1708	2002	2024
1707	2020	2024	2022
2022	2024	2023	1691
2024	2002	1692	2023
2017	1724	1999	2021
1723	2017	2021	2019
2019	2021	2020	1707
2021	1999	1708	2020
2014	1740	1996	2018
1739	2014	2018	2016
2016	2018	2017	1723
2018	1996	1724	2017
3400	3678	1993	2015
3677	3400	2015	2013
2013	2015	2014	1739
2015	1993	1740	2014
2009	1661	1991	2012
1660	2009	2012	2011
2011	2012	3619	3856
2012	1991	3857	3619
2006	1677	1988	2010
1676	2006	2010	2008
2008	2010	2009	1660
2010	1988	1661	2009
2003	1693	1985	2007
1692	2003	2007	2005
2005	2007	2006	1676
2007	1985	1677	2006
2000	1709	1982	2004
1708	2000	2004	2002
2002	2004	2003	1692
2004	1982	1693	2003
1997	1725	1979	2001
1724	1997	2001	1999
1999	2001	2000	1708
2001	1979	1709	2000
1994	1741	1976	1998
1740	1994	1998	1996
1996	1998	1997	1724
1998	1976	1725	1997
3401	3679	1973	1995
3678	3401	1995	1993
1993	1995	1994	1740
1995	1973	1741	1994
1989	1662	1971	1992
1661	1989	1992	1991
1991	1992	3617	3857
1992	1971	3858	3617
1986	1678	1968	1990
1677	1986	1990	1988
1988	1990	1989	1661
1990	1968	1662	1989
1983	1694	1965	1987
1693	1983	1987	1985
1985	1987	1986	1677
1987	1965	1678	1986
1980	1710	1962	1984
1709	1980	1984	1982
1982	1984	1983	1693
1984	1962	1694	1983
1977	1726	1959	1981
1725	1977	1981	1979
1979	1981	1980	1709
1981	1959	1710	1980
1974	1742	1956	1978
1741	1974	1978	1976
1976	1978	1977	1725
1978	1956	1726	1977
3402	3680	1953	1975
3679	3402	1975	1973
1973	1975	1974	1741
1975	1953	1742	1974
1969	1663	1951	1972
1662	1969	1972	1971
1971	1972	3615	3858
1972	1951	3859	3615
1966	1679	1948	1970
1678	1966	1970	1968
1968	1970	1969	1662
1970	1948	1663	1969
1963	1695	1945	1967
1694	1963	1967	1965
1965	1967	1966	1678
1967	1945	1679	1966
1960	1711	1942	1964
1710	1960	1964	1962
1962	1964	1963	1694
1964	1942	1695	1963
1957	1727	1939	1961
1726	1957	1961	1959
1959	1961	1960	1710
1961	1939	1711	1960
1954	1743	1936	1958
1742	1954	1958	1956
1956	1958	1957	1726
1958	1936	1727	1957
3403	3681	1933	1955
3680	3403	1955	1953
1953	1955	1954	1742
1955	1933	1743	1954
1949	1664	1931	1952
1663	1949	1952	1951
1951	1952	3613	3859
1952	1931	3860	3613
1946	1680	1928	1950
1679	1946	1950	1948
1948	1950	1949	1663
1950	1928	1664	1949
1943	1696	1925	1947
1695	1943	1947	1945
1945	1947	1946	1679
1947	1925	1680	1946
1940	1712	1922	1944
1711	1940	1944	1942
1942	1944	1943	1695
1944	1922	1696	1943
1937	1728	1919	1941
1727	1937	1941	1939
1939	1941	1940	1711
1941	1919	1712	1940
1934	1744	1916	1938
1743	1934	1938	1936
1936	1938	1937	1727
1938	1916	1728	1937
3404	3682	1913	1935
3681	3404	1935	1933
1933	1935	1934	1743
1935	1913	1744	1934
1929	1665	1911	1932
1664	1929	1932	1931
1931	1932	3611	3860
1932	1911	3861	3611
1926	1681	1908	1930
1680	1926	1930	1928
1928	1930	1929	1664
1930	1908	1665	1929
1923	1697	1905	1927
1696	1923	1927	1925
1925	1927	1926	1680
1927	1905	1681	1926
1920	1713	1902	1924
1712	1920	1924	1922
1922	1924	1923	1696
1924	1902	1697	1923
1917	1729	1899	1921
1728	1917	1921	1919
1919	1921	1920	1712
1921	1899	1713	1920
1914	1745	1896	1918
1744	1914	1918	1916
1916	1918	1917	1728
1918	1896	1729	1917
3405	3683	1893	1915
3682	3405	1915	1913
1913	1915	1914	1744
1915	1893	1745	1914
1909	1666	1891	1912
1665	1909	1912	1911
1911	1912	3609	3861
1912	1891	3862	3609
1906	1682	1888	1910
1681	1906	1910	1908
1908	1910	1909	1665
1910	1888	1666	1909
1903	1698	1885	1907
1697	1903	1907	1905
1905	1907	1906	1681
1907	1885	1682	1906
1900	1714	1882	1904
1713	1900	1904	1902
1902	1904	1903	1697
1904	1882	1698	1903
1897	1730	1879	1901
1729	1897	1901	1899
1899	1901	1900	1713
1901	1879	1714	1900
1894	1746	1876	1898
1745	1894	1898	1896
1896	1898	1897	1729
1898	1876	1730	1897
3406	3684	1873	1895
3683	3406	1895	1893
1893	1895	1894	1745
1895	1873	1746	1894
1889	1667	1871	1892
1666	1889	1892	1891
1891	1892	3607	3862
1892	1871	3863	3607
1886	1683	1868	1890
1682	1886	1890	1888
1888	1890	1889	1666
1890	1868	1667	1889
1883	1699	1865	1887
1698	1883	1887	1885
1885	1887	1886	1682
1887	1865	1683	1886
1880	1715	1862	1884
1714	1880	1884	1882
1882	1884	1883	1698
1884	1862	1699	1883
1877	1731	1859	1881
1730	1877	1881	1879
1879	1881	1880	1714
1881	1859	1715	1880
1874	1747	1856	1878
1746	1874	1878	1876
1876	1878	1877	1730
1878	1856	1731	1877
3407	3685	1853	1875
3684	3407	1875	1873
1873	1875	1874	1746
1875	1853	1747	1874
1869	1668	1851	1872
1667	1869	1872	1871
1871	1872	3605	3863
1872	1851	3864	3605
1866	1684	1848	1870
1683	1866	1870	1868
1868	1870	1869	1667
1870	1848	1668	1869
1863	1700	1845	1867
1699	1863	1867	1865
1865	1867	1866	1683
1867	1845	1684	1866
1860	1716	1842	1864
1715	1860	1864	1862
1862	1864	1863	1699
1864	1842	1700	1863
1857	1732	1839	1861
1731	1857	1861	1859
1859	1861	1860	1715
1861	1839	1716	1860
1854	1748	1836	1858
1747	1854	1858	1856
1856	1858	1857	1731
1858	1836	1732	1857
3408	3686	1833	1855
3685	3408	1855	1853
1853	1855	1854	1747
1855	1833	1748	1854
1849	1669	1831	1852
1668	1849	1852	1851
1851	1852	3603	3864
1852	1831	3865	3603
1846	1685	1828	1850
1684	1846	1850	1848
1848	1850	1849	1668
1850	1828	1669	1849
1843	1701	1825	1847
1700	1843	1847	1845
1845	1847	1846	1684
1847	1825	1685	1846
1840	1717	1822	1844
1716	1840	1844	1842
1842	1844	1843	1700
1844	1822	1701	1843
1837	1733	1819	1841
1732	1837	1841	1839
1839	1841	1840	1716
1841	1819	1717	1840
1834	1749	1816	1838
1748	1834	1838	1836
1836	1838	1837	1732
1838	1816	1733	1837
3409	3687	1813	1835
3686	3409	1835	1833
1833	1835	1834	1748
1835	1813	1749	1834
1829	1670	1811	1832
1669	1829	1832	1831
1831	1832	3601	3865
1832	1811	3866	3601
1826	1686	1808	1830
1685	1826	1830	1828
1828	1830	1829	1669
1830	1808	1670	1829
1823	1702	1805	1827
1701	1823	1827	1825
1825	1827	1826	1685
1827	1805	1686	1826
1820	1718	1802	1824
1717	1820	1824	1822
1822	1824	1823	1701
1824	1802	1702	1823
1817	1734	1799	1821
1733	1817	1821	1819
1819	1821	1820	1717
1821	1799	1718	1820
1814	1750	1796	1818
1749	1814	1818	1816
1816	1818	1817	1733
1818	1796	1734	1817
3410	3688	1793	1815
3687	3410	1815	1813
1813	1815	1814	1749
1815	1793	1750	1814
1809	1671	1791	1812
1670	1809	1812	1811
1811	1812	3599	3866
1812	1791	3867	3599
1806	1687	1788	1810
1686	1806	1810	1808
1808	1810	1809	1670
1810	1788	1671	1809
1803	1703	1785	1807
1702	1803	1807	1805
1805	1807	1806	1686
1807	1785	1687	1806
1800	1719	1782	1804
1718	1800	1804	1802
1802	1804	1803	1702
1804	1782	1703	1803
1797	1735	1779	1801
1734	1797	1801	1799
1799	1801	1800	1718
1801	1779	1719	1800
1794	1751	1776	1798
1750	1794	1798	1796
1796	1798	1797	1734
1798	1776	1735	1797
3411	3689	1773	1795
3688	3411	1795	1793
1793	1795	1794	1750
1795	1773	1751	1794
1789	1672	1771	1792
1671	1789	1792	1791
1791	1792	3597	3867
1792	1771	3868	3597
1786	1688	1768	1790
1687	1786	1790	1788
1788	1790	1789	1671
1790	1768	1672	1789
1783	1704	1765	1787
1703	1783	1787	1785
1785	1787	1786	1687
1787	1765	1688	1786
1780	1720	1762	1784
1719	1780	1784	1782
1782	1784	1783	1703
1784	1762	1704	1783
1777	1736	1759	1781
1735	1777	1781	1779
1779	1781	1780	1719
1781	1759	1720	1780
1774	1752	1756	1778
1751	1774	1778	1776
1776	1778	1777	1735
1778	1756	1736	1777
3412	3690	1753	1775
3689	3412	1775	1773
1773	1775	1774	1751
1775	1753	1752	1774
1769	3696	3413	1772
1672	1769	1772	1771
1771	1772	3590	3868
1772	3413	3916	3590
1766	3695	3414	1770
1688	1766	1770	1768
1768	1770	1769	1672
1770	3414	3696	1769
1763	3694	3415	1767
1704	1763	1767	1765
1765	1767	1766	1688
1767	3415	3695	1766
1760	3693	3416	1764
1720	1760	1764	1762
1762	1764	1763	1704
1764	3416	3694	1763
1757	3692	3417	1761
1736	1757	1761	1759
1759	1761	1760	1720
1761	3417	3693	1760
1754	3691	3418	1758
1752	1754	1758	1756
1756	1758	1757	1736
1758	3418	3692	1757
3420	3921	3419	1755
3690	3420	1755	1753
1753	1755	1754	1752
1755	3419	3691	1754
2512	2086	2500	2514
3697	2512	2514	3421
3421	2514	3397	3915
2514	2500	3675	3397
2510	2102	2497	2513
3698	2510	2513	3423
3423	2513	2512	3697
2513	2497	2086	2512
2508	2118	2494	2511
3699	2508	2511	3425
3425	2511	2510	3698
2511	2494	2102	2510
2506	2134	2491	2509
3700	2506	2509	3427
3427	2509	2508	3699
2509	2491	2118	2508
2504	2150	2488	2507
3701	2504	2507	3429
3429	2507	2506	3700
2507	2488	2134	2506
2502	2166	2485	2505
3702	2502	2505	3431
3431	2505	2504	3701
2505	2485	2150	2504
3435	3713	2482	2503
3914	3435	2503	3433
3433	2503	2502	3702
2503	2482	2166	2502
2498	2087	2480	2501
2086	2498	2501	2500
2500	2501	3398	3675
2501	2480	3676	3398
2495	2103	2477	2499
2102	2495	2499	2497
2497	2499	2498	2086
2499	2477	2087	2498
2492	2119	2474	2496
2118	2492	2496	2494
2494	2496	2495	2102
2496	2474	2103	2495
2489	2135	2471	2493
2134	2489	2493	2491
2491	2493	2492	2118
2493	2471	2119	2492
2486	2151	2468	2490
2150	2486	2490	2488
2488	2490	2489	2134
2490	2468	2135	2489
2483	2167	2465	2487
2166	2483	2487	2485
2485	2487	2486	2150
2487	2465	2151	2486
3442	3714	2462	2484
3713	3442	2484	2482
2482	2484	2483	2166
2484	2462	2167	2483
2478	2088	2460	2481
2087	2478	2481	2480
2480	2481	3399	3676
2481	2460	3677	3399
2475	2104	2457	2479
2103	2475	2479	2477
2477	2479	2478	2087
2479	2457	2088	2478
2472	2120	2454	2476
2119	2472	2476	2474
2474	2476	2475	2103
2476	2454	2104	2475
2469	2136	2451	2473
2135	2469	2473	2471
2471	2473	2472	2119
2473	2451	2120	2472
2466	2152	2448	2470
2151	2466	2470	2468
2468	2470	2469	2135
2470	2448	2136	2469
2463	2168	2445	2467
2167	2463	2467	2465
2465	2467	2466	2151
2467	2445	2152	2466
3444	3715	2442	2464
3714	3444	2464	2462
2462	2464	2463	2167
2464	2442	2168	2463
2458	2089	2440	2461
2088	2458	2461	2460
2460	2461	3400	3677
2461	2440	3678	3400
2455	2105	2437	2459
2104	2455	2459	2457
2457	2459	2458	2088
2459	2437	2089	2458
2452	2121	2434	2456
2120	2452	2456	2454
2454	2456	2455	2104
2456	2434	2105	2455
2449	2137	2431	2453
2136	2449	2453	2451
2451	2453	2452	2120
2453	2431	2121	2452
2446	2153	2428	2450
2152	2446	2450	2448
2448	2450	2449	2136
2450	2428	2137	2449
2443	2169	2425	2447
2168	2443	2447	2445
2445	2447	2446	2152
2447	2425	2153	2446
3446	3716	2422	2444
3715	3446	2444	2442
2442	2444	2443	2168
2444	2422	2169	2443
2438	2090	2420	2441
2089	2438	2441	2440
2440	2441	3401	3678
2441	2420	3679	3401
2435	2106	2417	2439
2105	2435	2439	2437
2437	2439	2438	2089
2439	2417	2090	2438
2432	2122	2414	2436
2121	2432	2436	2434
2434	2436	2435	2105
2436	2414	2106	2435
2429	2138	2411	2433
2137	2429	2433	2431
2431	2433	2432	2121
2433	2411	2122	2432
2426	2154	2408	2430
2153	2426	2430	2428
2428	2430	2429	2137
2430	2408	2138	2429
2423	2170	2405	2427
2169	2423	2427	2425
2425	2427	2426	2153
2427	2405	2154	2426
3448	3717	2402	2424
3716	3448	2424	2422
2422	2424	2423	2169
2424	2402	2170	2423
2418	2091	2400	2421
2090	2418	2421	2420
2420	2421	3402	3679
2421	2400	3680	3402
2415	2107	2397	2419
2106	2415	2419	2417
2417	2419	2418	2090
2419	2397	2091	2418
2412	2123	2394	2416
2122	2412	2416	2414
2414	2416	2415	2106
2416	2394	2107	2415
2409	2139	2391	2413
2138	2409	2413	2411
2411	2413	2412	2122
2413	2391	2123	2412
2406	2155	2388	2410
2154	2406	2410	2408
2408	2410	2409	2138
2410	2388	2139	2409
2403	2171	2385	2407
2170	2403	2407	2405
2405	2407	2406	2154
2407	2385	2155	2406
3450	3718	2382	2404
3717	3450	2404	2402
2402	2404	2403	2170
2404	2382	2171	2403
2398	2092	2380	2401
2091	2398	2401	2400
2400	2401	3403	3680
2401	2380	3681	3403
2395	2108	2377	2399
2107	2395	2399	2397
2397	2399	2398	2091
2399	2377	2092	2398
2392	2124	2374	2396
2123	2392	2396	2394
2394	2396	2395	2107
2396	2374	2108	2395
2389	2140	2371	2393
2139	2389	2393	2391
2391	2393	2392	2123
2393	2371	2124	2392
2386	2156	2368	2390
2155	2386	2390	2388
2388	2390	2389	2139
2390	2368	2140	2389
2383	2172	2365	2387
2171	2383	2387	2385
2385	2387	2386	2155
2387	2365	2156	2386
3452	3719	2362	2384
3718	3452	2384	2382
2382	2384	2383	2171
2384	2362	2172	2383
2378	2093	2360	2381
2092	2378	2381	2380
2380	2381	3404	3681
2381	2360	3682	3404
2375	2109	2357	2379
2108	2375	2379	2377
2377	2379	2378	2092
2379	2357	2093	2378
2372	2125	2354	2376
2124	2372	2376	2374
2374	2376	2375	2108
2376	2354	2109	2375
2369	2141	2351	2373
2140	2369	2373	2371
2371	2373	2372	2124
2373	2351	2125	2372
2366	2157	2348	2370
2156	2366	2370	2368
2368	2370	2369	2140
2370	2348	2141	2369
2363	2173	2345	2367
2172	2363	2367	2365
2365	2367	2366	2156
2367	2345	2157	2366
3454	3720	2342	2364
3719	3454	2364	2362
2362	2364	2363	2172
2364	2342	2173	2363
2358	2094	2340	2361
2093	2358	2361	2360
2360	2361	3405	3682
2361	2340	3683	3405
2355	2110	2337	2359
2109	2355	2359	2357
2357	2359	2358	2093
2359	2337	2094	2358
2352	2126	2334	2356
2125	2352	2356	2354
2354	2356	2355	2109
2356	2334	2110	2355
2349	2142	2331	2353
2141	2349	2353	2351
2351	2353	2352	2125
2353	2331	2126	2352
2346	2158	2328	2350
2157	2346	2350	2348
2348	2350	2349	2141
2350	2328	2142	2349
2343	2174	2325	2347
2173	2343	2347	2345
2345	2347	2346	2157
2347	2325	2158	2346
3456	3721	2322	2344
3720	3456	2344	2342
2342	2344	2343	2173
2344	2322	2174	2343
2338	2095	2320	2341
2094	2338	2341	2340
2340	2341	3406	3683
2341	2320	3684	3406
2335	2111	2317	2339
2110	2335	2339	2337
2337	2339	2338	2094
2339	2317	2095	2338
2332	2127	2314	2336
2126	2332	2336	2334
2334	2336	2335	2110
2336	2314	2111	2335
2329	2143	2311	2333
2142	2329	2333	2331
2331	2333	2332	2126
2333	2311	2127	2332
2326	2159	2308	2330
2158	2326	2330	2328
2328	2330	2329	2142
2330	2308	2143	2329
2323	2175	2305	2327
2174	2323	2327	2325
2325	2327	2326	2158
2327	2305	2159	2326
3458	3722	2302	2324
3721	3458	2324	2322
2322	2324	2323	2174
2324	2302	2175	2323
2318	2096	2300	2321
2095	2318	2321	2320
2320	2321	3407	3684
2321	2300	3685	3407
2315	2112	2297	2319
2111	2315	2319	2317
2317	2319	2318	2095
2319	2297	2096	2318
2312	2128	2294	2316
2127	2312	2316	2314
2314	2316	2315	2111
2316	2294	2112	2315
2309	2144	2291	2313
2143	2309	2313	2311
2311	2313	2312	2127
2313	2291	2128	2312
2306	2160	2288	2310
2159	2306	2310	2308
2308	2310	2309	2143
2310	2288	2144	2309
2303	2176	2285	2307
2175	2303	2307	2305
2305	2307	2306	2159
2307	2285	2160	2306
3460	3723	2282	2304
3722	3460	2304	2302
2302	2304	2303	2175
2304	2282	2176	2303
2298	2097	2280	2301
2096	2298	2301	2300
2300	2301	3408	3685
2301	2280	3686	3408
2295	2113	2277	2299
2112	2295	2299	2297
2297	2299	2298	2096
2299	2277	2097	2298
2292	2129	2274	2296
2128	2292	2296	2294
2294	2296	2295	2112
2296	2274	2113	2295
2289	2145	2271	2293
2144	2289	2293	2291
2291	2293	2292	2128
2293	2271	2129	2292
2286	2161	2268	2290
2160	2286	2290	2288
2288	2290	2289	2144
2290	2268	2145	2289
2283	2177	2265	2287
2176	2283	2287	2285
2285	2287	2286	2160
2287	2265	2161	2286
3462	3724	2262	2284
3723	3462	2284	2282
2282	2284	2283	2176
2284	2262	2177	2283
2278	2098	2260	2281
2097	2278	2281	2280
2280	2281	3409	3686
2281	2260	3687	3409
2275	2114	2257	2279
2113	2275	2279	2277
2277	2279	2278	2097
2279	2257	2098	2278
2272	2130	2254	2276
2129	2272	2276	2274
2274	2276	2275	2113
2276	2254	2114	2275
2269	2146	2251	2273
2145	2269	2273	2271
2271	2273	2272	2129
2273	2251	2130	2272
2266	2162	2248	2270
2161	2266	2270	2268
2268	2270	2269	2145
2270	2248	2146	2269
2263	2178	2245	2267
2177	2263	2267	2265
2265	2267	2266	2161
2267	2245	2162	2266
3464	3725	2242	2264
3724	3464	2264	2262
2262	2264	2263	2177
2264	2242	2178	2263
2258	2099	2240	2261
2098	2258	2261	2260
2260	2261	3410	3687
2261	2240	3688	3410
2255	2115	2237	2259
2114	2255	2259	2257
2257	2259	2258	2098
2259	2237	2099	2258
2252	2131	2234	2256
2130	2252	2256	2254
2254	2256	2255	2114
2256	2234	2115	2255
2249	2147	2231	2253
2146	2249	2253	2251
2251	2253	2252	2130
2253	2231	2131	2252
2246	2163	2228	2250
2162	2246	2250	2248
2248	2250	2249	2146
2250	2228	2147	2249
2243	2179	2225	2247
2178	2243	2247	2245
2245	2247	2246	2162
2247	2225	2163	2246
3466	3726	2222	2244
3725	3466	2244	2242
2242	2244	2243	2178
2244	2222	2179	2243
2238	2100	2220	2241
2099	2238	2241	2240
2240	2241	3411	3688
2241	2220	3689	3411
2235	2116	2217	2239
2115	2235	2239	2237
2237	2239	2238	2099
2239	2217	2100	2238
2232	2132	2214	2236
2131	2232	2236	2234
2234	2236	2235	2115
2236	2214	2116	2235
2229	2148	2211	2233
2147	2229	2233	2231
2231	2233	2232	2131
2233	2211	2132	2232
2226	2164	2208	2230
2163	2226	2230	2228
2228	2230	2229	2147
2230	2208	2148	2229
2223	2180	2205	2227
2179	2223	2227	2225
2225	2227	2226	2163
2227	2205	2164	2226
3468	3727	2202	2224
3726	3468	2224	2222
2222	2224	2223	2179
2224	2202	2180	2223
2218	2101	2200	2221
2100	2218	2221	2220
2220	2221	3412	3689
2221	2200	3690	3412
2215	2117	2197	2219
2116	2215	2219	2217
2217	2219	2218	2100
2219	2197	2101	2218
2212	2133	2194	2216
2132	2212	2216	2214
2214	2216	2215	2116
2216	2194	2117	2215
2209	2149	2191	2213
2148	2209	2213	2211
2211	2213	2212	2132
2213	2191	2133	2212
2206	2165	2188	2210
2164	2206	2210	2208
2208	2210	2209	2148
2210	2188	2149	2209
2203	2181	2185	2207
2180	2203	2207	2205
2205	2207	2206	2164
2207	2185	2165	2206
3470	3728	2182	2204
3727	3470	2204	2202
2202	2204	2203	2180
2204	2182	2181	2203
2198	3674	3390	2201
2101	2198	2201	2200
2200	2201	3420	3690
2201	3390	3921	3420
2195	3673	3391	2199
2117	2195	2199	2197
2197	2199	2198	2101
2199	3391	3674	2198
2192	3672	3392	2196
2133	2192	2196	2194
2194	2196	2195	2117
2196	3392	3673	2195
2189	3671	3393	2193
2149	2189	2193	2191
2191	2193	2192	2133
2193	3393	3672	2192
2186	3670	3394	2190
2165	2186	2190	2188
2188	2190	2189	2149
2190	3394	3671	2189
2183	3669	3395	2187
2181	2183	2187	2185
2185	2187	2186	2165
2187	3395	3670	2186
3472	3919	3396	2184
3728	3472	2184	2182
2182	2184	2183	2181
2184	3396	3669	2183
2941	2515	2909	2943
3817	2941	2943	3551
3551	2943	3549	3917
2943	2909	3806	3549
2939	2521	2906	2942
3818	2939	2942	3558
3558	2942	2941	3817
2942	2906	2515	2941
2937	2527	2903	2940
3819	2937	2940	3560
3560	2940	2939	3818
2940	2903	2521	2939
2935	2533	2900	2938
3820	2935	2938	3562
3562	2938	2937	3819
2938	2900	2527	2937
2933	2539	2897	2936
3821	2933	2936	3564
3564	2936	2935	3820
2936	2897	2533	2935
2931	2545	2894	2934
3822	2931	2934	3566
3566	2934	2933	3821
2934	2894	2539	2933
2929	2551	2891	2932
3823	2929	2932	3568
3568	2932	2931	3822
2932	2891	2545	2931
2927	2557	2888	2930
3824	2927	2930	3570
3570	2930	2929	3823
2930	2888	2551	2929
2925	2563	2885	2928
3825	2925	2928	3572
3572	2928	2927	3824
2928	2885	2557	2927
2923	2569	2882	2926
3826	2923	2926	3574
3574	2926	2925	3825
2926	2882	2563	2925
2921	2575	2879	2924
3827	2921	2924	3576
3576	2924	2923	3826
2924	2879	2569	2923
2919	2581	2876	2922
3828	2919	2922	3578
3578	2922	2921	3827
2922	2876	2575	2921
2917	2587	2873	2920
3829	2917	2920	3580
3580	2920	2919	3828
2920	2873	2581	2919
2915	2593	2870	2918
3830	2915	2918	3582
3582	2918	2917	3829
2918	2870	2587	2917
2913	2599	2867	2916
3831	2913	2916	3584
3584	2916	2915	3830
2916	2867	2593	2915
2911	2605	2864	2914
3832	2911	2914	3586
3586	2914	2913	3831
2914	2864	2599	2913
3413	3696	2861	2912
3916	3413	2912	3588
3588	2912	2911	3832
2912	2861	2605	2911
2907	2516	2859	2910
2515	2907	2910	2909
2909	2910	3547	3806
2910	2859	3805	3547
2904	2522	2856	2908
2521	2904	2908	2906
2906	2908	2907	2515
2908	2856	2516	2907
2901	2528	2853	2905
2527	2901	2905	2903
2903	2905	2904	2521
2905	2853	2522	2904
2898	2534	2850	2902
2533	2898	2902	2900
2900	2902	2901	2527
2902	2850	2528	2901
2895	2540	2847	2899
2539	2895	2899	2897
2897	2899	2898	2533
2899	2847	2534	2898
2892	2546	2844	2896
2545	2892	2896	2894
2894	2896	2895	2539
2896	2844	2540	2895
2889	2552	2841	2893
2551	2889	2893	2891
2891	2893	2892	2545
2893	2841	2546	2892
2886	2558	2838	2890
2557	2886	2890	2888
2888	2890	2889	2551
2890	2838	2552	2889
2883	2564	2835	2887
2563	2883	2887	2885
2885	2887	2886	2557
2887	2835	2558	2886
2880	2570	2832	2884
2569	2880	2884	2882
2882	2884	2883	2563
2884	2832	2564	2883
2877	2576	2829	2881
2575	2877	2881	2879
2879	2881	2880	2569
2881	2829	2570	2880
2874	2582	2826	2878
2581	2874	2878	2876
2876	2878	2877	2575
2878	2826	2576	2877
2871	2588	2823	2875
2587	2871	2875	2873
2873	2875	2874	2581
2875	2823	2582	2874
2868	2594	2820	2872
2593	2868	2872	2870
2870	2872	2871	2587
2872	2820	2588	2871
2865	2600	2817	2869
2599	2865	2869	2867
2867	2869	2868	2593
2869	2817	2594	2868
2862	2606	2814	2866
2605	2862	2866	2864
2864	2866	2865	2599
2866	2814	2600	2865
3414	3695	2811	2863
3696	3414	2863	2861
2861	2863	2862	2605
2863	2811	2606	2862
2857	2517	2809	2860
2516	2857	2860	2859
2859	2860	3545	3805
2860	2809	3804	3545
2854	2523	2806	2858
2522	2854	2858	2856
2856	2858	2857	2516
2858	2806	2517	2857
2851	2529	2803	2855
2528	2851	2855	2853
2853	2855	2854	2522
2855	2803	2523	2854
2848	2535	2800	2852
2534	2848	2852	2850
2850	2852	2851	2528
2852	2800	2529	2851
2845	2541	2797	2849
2540	2845	2849	2847
2847	2849	2848	2534
2849	2797	2535	2848
2842	2547	2794	2846
2546	2842	2846	2844
2844	2846	2845	2540
2846	2794	2541	2845
2839	2553	2791	2843
2552	2839	2843	2841
2841	2843	2842	2546
2843	2791	2547	2842
2836	2559	2788	2840
2558	2836	2840	2838
2838	2840	2839	2552
2840	2788	2553	2839
2833	2565	2785	2837
2564	2833	2837	2835
2835	2837	2836	2558
2837	2785	2559	2836
2830	2571	2782	2834
2570	2830	2834	2832
2832	2834	2833	2564
2834	2782	2565	2833
2827	2577	2779	2831
2576	2827	2831	2829
2829	2831	2830	2570
2831	2779	2571	2830
2824	2583	2776	2828
2582	2824	2828	2826
2826	2828	2827	2576
2828	2776	2577	2827
2821	2589	2773	2825
2588	2821	2825	2823
2823	2825	2824	2582
2825	2773	2583	2824
2818	2595	2770	2822
2594	2818	2822	2820
2820	2822	2821	2588
2822	2770	2589	2821
2815	2601	2767	2819
2600	2815	2819	2817
2817	2819	2818	2594
2819	2767	2595	2818
2812	2607	2764	2816
2606	2812	2816	2814
2814	2816	2815	2600
2816	2764	2601	2815
3415	3694	2761	2813
3695	3415	2813	2811
2811	2813	2812	2606
2813	2761	2607	2812
2807	2518	2759	2810
2517	2807	2810	2809
2809	2810	3543	3804
2810	2759	3803	3543
2804	2524	2756	2808
2523	2804	2808	2806
2806	2808	2807	2517
2808	2756	2518	2807
2801	2530	2753	2805
2529	2801	2805	2803
2803	2805	2804	2523
2805	2753	2524	2804
2798	2536	2750	2802
2535	2798	2802	2800
2800	2802	2801	2529
2802	2750	2530	2801
2795	2542	2747	2799
2541	2795	2799	2797
2797	2799	2798	2535
2799	2747	2536	2798
2792	2548	2744	2796
2547	2792	2796	2794
2794	2796	2795	2541
2796	2744	2542	2795
2789	2554	2741	2793
2553	2789	2793	2791
2791	2793	2792	2547
2793	2741	2548	2792
2786	2560	2738	2790
2559	2786	2790	2788
2788	2790	2789	2553
2790	2738	2554	2789
2783	2566	2735	2787
2565	2783	2787	2785
2785	2787	2786	2559
2787	2735	2560	2786
2780	2572	2732	2784
2571	2780	2784	2782
2782	2784	2783	2565
2784	2732	2566	2783
2777	2578	2729	2781
2577	2777	2781	2779
2779	2781	2780	2571
2781	2729	2572	2780
2774	2584	2726	2778
2583	2774	2778	2776
2776	2778	2777	2577
2778	2726	2578	2777
2771	2590	2723	2775
2589	2771	2775	2773
2773	2775	2774	2583
2775	2723	2584	2774
2768	2596	2720	2772
2595	2768	2772	2770
2770	2772	2771	2589
2772	2720	2590	2771
2765	2602	2717	2769
2601	2765	2769	2767
2767	2769	2768	2595
2769	2717	2596	2768
2762	2608	2714	2766
2607	2762	2766	2764
2764	2766	2765	2601
2766	2714	2602	2765
3416	3693	2711	2763
3694	3416	2763	2761
2761	2763	2762	2607
2763	2711	2608	2762
2757	2519	2709	2760
2518	2757	2760	2759
2759	2760	3541	3803
2760	2709	3802	3541
2754	2525	2706	2758
2524	2754	2758	2756
2756	2758	2757	2518
2758	2706	2519	2757
2751	2531	2703	2755
2530	2751	2755	2753
2753	2755	2754	2524
2755	2703	2525	2754
2748	2537	2700	2752
2536	2748	2752	2750
2750	2752	2751	2530
2752	2700	2531	2751
2745	2543	2697	2749
2542	2745	2749	2747
2747	2749	2748	2536
2749	2697	2537	2748
2742	2549	2694	2746
2548	2742	2746	2744
2744	2746	2745	2542
2746	2694	2543	2745
2739	2555	2691	2743
2554	2739	2743	2741
2741	2743	2742	2548
2743	2691	2549	2742
2736	2561	2688	2740
2560	2736	2740	2738
2738	2740	2739	2554
2740	2688	2555	2739
2733	2567	2685	2737
2566	2733	2737	2735
2735	2737	2736	2560
2737	2685	2561	2736
2730	2573	2682	2734
2572	2730	2734	2732
2732	2734	2733	2566
2734	2682	2567	2733
2727	2579	2679	2731
2578	2727	2731	2729
2729	2731	2730	2572
2731	2679	2573	2730
2724	2585	2676	2728
2584	2724	2728	2726
2726	2728	2727	2578
2728	2676	2579	2727
2721	2591	2673	2725
2590	2721	2725	2723
2723	2725	2724	2584
2725	2673	2585	2724
2718	2597	2670	2722
2596	2718	2722	2720
2720	2722	2721	2590
2722	2670	2591	2721
2715	2603	2667	2719
2602	2715	2719	2717
2717	2719	2718	2596
2719	2667	2597	2718
2712	2609	2664	2716
2608	2712	2716	2714
2714	2716	2715	2602
2716	2664	2603	2715
3417	3692	2661	2713
3693	3417	2713	2711
2711	2713	2712	2608
2713	2661	2609	2712
2707	2520	2659	2710
2519	2707	2710	2709
2709	2710	3539	3802
2710	2659	3801	3539
2704	2526	2656	2708
2525	2704	2708	2706
2706	2708	2707	2519
2708	2656	2520	2707
2701	2532	2653	2705
2531	2701	2705	2703
2703	2705	2704	2525
2705	2653	2526	2704
2698	2538	2650	2702
2537	2698	2702	2700
2700	2702	2701	2531
2702	2650	2532	2701
2695	2544	2647	2699
2543	2695	2699	2697
2697	2699	2698	2537
2699	2647	2538	2698
2692	2550	2644	2696
2549	2692	2696	2694
2694	2696	2695	2543
2696	2644	2544	2695
2689	2556	2641	2693
2555	2689	2693	2691
2691	2693	2692	2549
2693	2641	2550	2692
2686	2562	2638	2690
2561	2686	2690	2688
2688	2690	2689	2555
2690	2638	2556	2689
2683	2568	2635	2687
2567	2683	2687	2685
2685	2687	2686	2561
2687	2635	2562	2686
2680	2574	2632	2684
2573	2680	2684	2682
2682	2684	2683	2567
2684	2632	2568	2683
2677	2580	2629	2681
2579	2677	2681	2679
2679	2681	2680	2573
2681	2629	2574	2680
2674	2586	2626	2678
2585	2674	2678	2676
2676	2678	2677	2579
2678	2626	2580	2677
2671	2592	2623	2675
2591	2671	2675	2673
2673	2675	2674	2585
2675	2623	2586	2674
2668	2598	2620	2672
2597	2668	2672	2670
2670	2672	2671	2591
2672	2620	2592	2671
2665	2604	2617	2669
2603	2665	2669	2667
2667	2669	2668	2597
2669	2617	2598	2668
2662	2610	2614	2666
2609	2662	2666	2664
2664	2666	2665	2603
2666	2614	2604	2665
3418	3691	2611	2663
3692	3418	2663	2661
2661	2663	2662	2609
2663	2611	2610	2662
2657	3668	3389	2660
2520	2657	2660	2659
2659	2660	3532	3801
2660	3389	3920	3532
2654	3667	3388	2658
2526	2654	2658	2656
2656	2658	2657	2520
2658	3388	3668	2657
2651	3666	3387	2655
2532	2651	2655	2653
2653	2655	2654	2526
2655	3387	3667	2654
2648	3665	3386	2652
2538	2648	2652	2650
2650	2652	2651	2532
2652	3386	3666	2651
2645	3664	3385	2649
2544	2645	2649	2647
2647	2649	2648	2538
2649	3385	3665	2648
2642	3663	3384	2646
2550	2642	2646	2644
2644	2646	2645	2544
2646	3384	3664	2645
2639	3662	3383	2643
2556	2639	2643	2641
2641	2643	2642	2550
2643	3383	3663	2642
2636	3661	3382	2640
2562	2636	2640	2638
2638	2640	2639	2556
2640	3382	3662	2639
2633	3660	3381	2637
2568	2633	2637	2635
2635	2637	2636	2562
2637	3381	3661	2636
2630	3659	3380	2634
2574	2630	2634	2632
2632	2634	2633	2568
2634	3380	3660	2633
2627	3658	3379	2631
2580	2627	2631	2629
2629	2631	2630	2574
2631	3379	3659	2630
2624	3657	3378	2628
2586	2624	2628	2626
2626	2628	2627	2580
2628	3378	3658	2627
2621	3656	3377	2625
2592	2621	2625	2623
2623	2625	2624	2586
2625	3377	3657	2624
2618	3655	3376	2622
2598	2618	2622	2620
2620	2622	2621	2592
2622	3376	3656	2621
2615	3654	3375	2619
2604	2615	2619	2617
2617	2619	2618	2598
2619	3375	3655	2618
2612	3653	3374	2616
2610	2612	2616	2614
2614	2616	2615	2604
2616	3374	3654	2615
3419	3921	3373	2613
3691	3419	2613	2611
2611	2613	2612	2610
2613	3373	3653	2612
3370	2944	3358	3372
3674	3370	3372	3390
3390	3372	3373	3921
3372	3358	3653	3373
3368	2960	3355	3371
3673	3368	3371	3391
3391	3371	3370	3674
3371	3355	2944	3370
3366	2976	3352	3369
3672	3366	3369	3392
3392	3369	3368	3673
3369	3352	2960	3368
3364	2992	3349	3367
3671	3364	3367	3393
3393	3367	3366	3672
3367	3349	2976	3366
3362	3008	3346	3365
3670	3362	3365	3394
3394	3365	3364	3671
3365	3346	2992	3364
3360	3024	3343	3363
3669	3360	3363	3395
3395	3363	3362	3670
3363	3343	3008	3362
3474	3764	3340	3361
3919	3474	3361	3396
3396	3361	3360	3669
3361	3340	3024	3360
3356	2945	3338	3359
2944	3356	3359	3358
3358	3359	3374	3653
3359	3338	3654	3374
3353	2961	3335	3357
2960	3353	3357	3355
3355	3357	3356	2944
3357	3335	2945	3356
3350	2977	3332	3354
2976	3350	3354	3352
3352	3354	3353	2960
3354	3332	2961	3353
3347	2993	3329	3351
2992	3347	3351	3349
3349	3351	3350	2976
3351	3329	2977	3350
3344	3009	3326	3348
3008	3344	3348	3346
3346	3348	3347	2992
3348	3326	2993	3347
3341	3025	3323	3345
3024	3341	3345	3343
3343	3345	3344	3008
3345	3323	3009	3344
3481	3763	3320	3342
3764	3481	3342	3340
3340	3342	3341	3024
3342	3320	3025	3341
3336	2946	3318	3339
2945	3336	3339	3338
3338	3339	3375	3654
3339	3318	3655	3375
3333	2962	3315	3337
2961	3333	3337	3335
3335	3337	3336	2945
3337	3315	2946	3336
3330	2978	3312	3334
2977	3330	3334	3332
3332	3334	3333	2961
3334	3312	2962	3333
3327	2994	3309	3331
2993	3327	3331	3329
3329	3331	3330	2977
3331	3309	2978	3330
3324	3010	3306	3328
3009	3324	3328	3326
3326	3328	3327	2993
3328	3306	2994	3327
3321	3026	3303	3325
3025	3321	3325	3323
3323	3325	3324	3009
3325	3303	3010	3324
3483	3762	3300	3322
3763	3483	3322	3320
3320	3322	3321	3025
3322	3300	3026	3321
3316	2947	3298	3319
2946	3316	3319	3318
3318	3319	3376	3655
3319	3298	3656	3376
3313	2963	3295	3317
2962	3313	3317	3315
3315	3317	3316	2946
3317	3295	2947	3316
3310	2979	3292	3314
2978	3310	3314	3312
3312	3314	3313	2962
3314	3292	2963	3313
3307	2995	3289	3311
2994	3307	3311	3309
3309	3311	3310	2978
3311	3289	2979	3310
3304	3011	3286	3308
3010	3304	3308	3306
3306	3308	3307	2994
3308	3286	2995	3307
3301	3027	3283	3305
3026	3301	3305	3303
3303	3305	3304	3010
3305	3283	3011	3304
3485	3761	3280	3302
3762	3485	3302	3300
3300	3302	3301	3026
3302	3280	3027	3301
3296	2948	3278	3299
2947	3296	3299	3298
3298	3299	3377	3656
3299	3278	3657	3377
3293	2964	3275	3297
2963	3293	3297	3295
3295	3297	3296	2947
3297	3275	2948	3296
3290	2980	3272	3294
2979	3290	3294	3292
3292	3294	3293	2963
3294	3272	2964	3293
3287	2996	3269	3291
2995	3287	3291	3289
3289	3291	3290	2979
3291	3269	2980	3290
3284	3012	3266	3288
3011	3284	3288	3286
3286	3288	3287	2995
3288	3266	2996	3287
3281	3028	3263	3285
3027	3281	3285	3283
3283	3285	3284	3011
3285	3263	3012	3284
3487	3760	3260	3282
3761	3487	3282	3280
3280	3282	3281	3027
3282	3260	3028	3281
3276	2949	3258	3279
2948	3276	3279	3278
3278	3279	3378	3657
3279	3258	3658	3378
3273	2965	3255	3277
2964	3273	3277	3275
3275	3277	3276	2948
3277	3255	2949	3276
3270	2981	3252	3274
2980	3270	3274	3272
3272	3274	3273	2964
3274	3252	2965	3273
3267	2997	3249	3271
2996	3267	3271	3269
3269	3271	3270	2980
3271	3249	2981	3270
3264	3013	3246	3268
3012	3264	3268	3266
3266	3268	3267	2996
3268	3246	2997	3267
3261	3029	3243	3265
3028	3261	3265	3263
3263	3265	3264	3012
3265	3243	3013	3264
3489	3759	3240	3262
3760	3489	3262	3260
3260	3262	3261	3028
3262	3240	3029	3261
3256	2950	3238	3259
2949	3256	3259	3258
3258	3259	3379	3658
3259	3238	3659	3379
3253	2966	3235	3257
2965	3253	3257	3255
3255	3257	3256	2949
3257	3235	2950	3256
3250	2982	3232	3254
2981	3250	3254	3252
3252	3254	3253	2965
3254	3232	2966	3253
3247	2998	3229	3251
2997	3247	3251	3249
3249	3251	3250	2981
3251	3229	2982	3250
3244	3014	3226	3248
3013	3244	3248	3246
3246	3248	3247	2997
3248	3226	2998	3247
3241	3030	3223	3245
3029	3241	3245	3243
3243	3245	3244	3013
3245	3223	3014	3244
3491	3758	3220	3242
3759	3491	3242	3240
3240	3242	3241	3029
3242	3220	3030	3241
3236	2951	3218	3239
2950	3236	3239	3238
3238	3239	3380	3659
3239	3218	3660	3380
3233	2967	3215	3237
2966	3233	3237	3235
3235	3237	3236	2950
3237	3215	2951	3236
3230	2983	3212	3234
2982	3230	3234	3232
3232	3234	3233	2966
3234	3212	2967	3233
3227	2999	3209	3231
2998	3227	3231	3229
3229	3231	3230	2982
3231	3209	2983	3230
3224	3015	3206	3228
3014	3224	3228	3226
3226	3228	3227	2998
3228	3206	2999	3227
3221	3031	3203	3225
3030	3221	3225	3223
3223	3225	3224	3014
3225	3203	3015	3224
3493	3757	3200	3222
3758	3493	3222	3220
3220	3222	3221	3030
3222	3200	3031	3221
3216	2952	3198	3219
2951	3216	3219	3218
3218	3219	3381	3660
3219	3198	3661	3381
3213	2968	3195	3217
2967	3213	3217	3215
3215	3217	3216	2951
3217	3195	2952	3216
3210	2984	3192	3214
2983	3210	3214	3212
3212	3214	3213	2967
3214	3192	2968	3213
3207	3000	3189	3211
2999	3207	3211	3209
3209	3211	3210	2983
3211	3189	2984	3210
3204	3016	3186	3208
3015	3204	3208	3206
3206	3208	3207	2999
3208	3186	3000	3207
3201	3032	3183	3205
3031	3201	3205	3203
3203	3205	3204	3015
3205	3183	3016	3204
3495	3756	3180	3202
3757	3495	3202	3200
3200	3202	3201	3031
3202	3180	3032	3201
3196	2953	3178	3199
2952	3196	3199	3198
3198	3199	3382	3661
3199	3178	3662	3382
3193	2969	3175	3197
2968	3193	3197	3195
3195	3197	3196	2952
3197	3175	2953	3196
3190	2985	3172	3194
2984	3190	3194	3192
3192	3194	3193	2968
3194	3172	2969	3193
3187	3001	3169	3191
3000	3187	3191	3189
3189	3191	3190	2984
3191	3169	2985	3190
3184	3017	3166	3188
3016	3184	3188	3186
3186	3188	3187	3000
3188	3166	3001	3187
3181	3033	3163	3185
3032	3181	3185	3183
3183	3185	3184	3016
3185	3163	3017	3184
3497	3755	3160	3182
3756	3497	3182	3180
3180	3182	3181	3032
3182	3160	3033	3181
3176	2954	3158	3179
2953	3176	3179	3178
3178	3179	3383	3662
3179	3158	3663	3383
3173	2970	3155	3177
2969	3173	3177	3175
3175	3177	3176	2953
3177	3155	2954	3176
3170	2986	3152	3174
2985	3170	3174	3172
3172	3174	3173	2969
3174	3152	2970	3173
3167	3002	3149	3171
3001	3167	3171	3169
3169	3171	3170	2985
3171	3149	2986	3170
3164	3018	3146	3168
3017	3164	3168	3166
3166	3168	3167	3001
3168	3146	3002	3167
3161	3034	3143	3165
3033	3161	3165	3163
3163	3165	3164	3017
3165	3143	3018	3164
3499	3754	3140	3162
3755	3499	3162	3160
3160	3162	3161	3033
3162	3140	3034	3161
3156	2955	3138	3159
2954	3156	3159	3158
3158	3159	3384	3663
3159	3138	3664	3384
3153	2971	3135	3157
2970	3153	3157	3155
3155	3157	3156	2954
3157	3135	2955	3156
3150	2987	3132	3154
2986	3150	3154	3152
3152	3154	3153	2970
3154	3132	2971	3153
3147	3003	3129	3151
3002	3147	3151	3149
3149	3151	3150	2986
3151	3129	2987	3150
3144	3019	3126	3148
3018	3144	3148	3146
3146	3148	3147	3002
3148	3126	3003	3147
3141	3035	3123	3145
3034	3141	3145	3143
3143	3145	3144	3018
3145	3123	3019	3144
3501	3753	3120	3142
3754	3501	3142	3140
3140	3142	3141	3034
3142	3120	3035	3141
3136	2956	3118	3139
2955	3136	3139	3138
3138	3139	3385	3664
3139	3118	3665	3385
3133	2972	3115	3137
2971	3133	3137	3135
3135	3137	3136	2955
3137	3115	2956	3136
3130	2988	3112	3134
2987	3130	3134	3132
3132	3134	3133	2971
3134	3112	2972	3133
3127	3004	3109	3131
3003	3127	3131	3129
3129	3131	3130	2987
3131	3109	2988	3130
3124	3020	3106	3128
3019	3124	3128	3126
3126	3128	3127	3003
3128	3106	3004	3127
3121	3036	3103	3125
3035	3121	3125	3123
3123	3125	3124	3019
3125	3103	3020	3124
3503	3752	3100	3122
3753	3503	3122	3120
3120	3122	3121	3035
3122	3100	3036	3121
3116	2957	3098	3119
2956	3116	3119	3118
3118	3119	3386	3665
3119	3098	3666	3386
3113	2973	3095	3117
2972	3113	3117	3115
3115	3117	3116	2956
3117	3095	2957	3116
3110	2989	3092	3114
2988	3110	3114	3112
3112	3114	3113	2972
3114	3092	2973	3113
3107	3005	3089	3111
3004	3107	3111	3109
3109	3111	3110	2988
3111	3089	2989	3110
3104	3021	3086	3108
3020	3104	3108	3106
3106	3108	3107	3004
3108	3086	3005	3107
3101	3037	3083	3105
3036	3101	3105	3103
3103	3105	3104	3020
3105	3083	3021	3104
3505	3751	3080	3102
3752	3505	3102	3100
3100	3102	3101	3036
3102	3080	3037	3101
3096	2958	3078	3099
2957	3096	3099	3098
3098	3099	3387	3666
3099	3078	3667	3387
3093	2974	3075	3097
2973	3093	3097	3095
3095	3097	3096	2957
3097	3075	2958	3096
3090	2990	3072	3094
2989	3090	3094	3092
3092	3094	3093	2973
3094	3072	2974	3093
3087	3006	3069	3091
3005	3087	3091	3089
3089	3091	3090	2989
3091	3069	2990	3090
3084	3022	3066	3088
3021	3084	3088	3086
3086	3088	3087	3005
3088	3066	3006	3087
3081	3038	3063	3085
3037	3081	3085	3083
3083	3085	3084	3021
3085	3063	3022	3084
3507	3750	3060	3082
3751	3507	3082	3080
3080	3082	3081	3037
3082	3060	3038	3081
3076	2959	3058	3079
2958	3076	3079	3078
3078	3079	3388	3667
3079	3058	3668	3388
3073	2975	3055	3077
2974	3073	3077	3075
3075	3077	3076	2958
3077	3055	2959	3076
3070	2991	3052	3074
2990	3070	3074	3072
3072	3074	3073	2974
3074	3052	2975	3073
3067	3007	3049	3071
3006	3067	3071	3069
3069	3071	3070	2990
3071	3049	2991	3070
3064	3023	3046	3068
3022	3064	3068	3066
3066	3068	3067	3006
3068	3046	3007	3067
3061	3039	3043	3065
3038	3061	3065	3063
3063	3065	3064	3022
3065	3043	3023	3064
3509	3749	3040	3062
3750	3509	3062	3060
3060	3062	3061	3038
3062	3040	3039	3061
3056	3785	3530	3059
2959	3056	3059	3058
3058	3059	3389	3668
3059	3530	3920	3389
3053	3786	3528	3057
2975	3053	3057	3055
3055	3057	3056	2959
3057	3528	3785	3056
3050	3787	3526	3054
2991	3050	3054	3052
3052	3054	3053	2975
3054	3526	3786	3053
3047	3788	3524	3051
3007	3047	3051	3049
3049	3051	3050	2991
3051	3524	3787	3050
3044	3789	3522	3048
3023	3044	3048	3046
3046	3048	3047	3007
3048	3522	3788	3047
3041	3790	3520	3045
3039	3041	3045	3043
3043	3045	3044	3023
3045	3520	3789	3044
3511	3918	3513	3042
3749	3511	3042	3040
3040	3042	3041	3039
3042	3513	3790	3041
