89	91	83	1
3508	3256	91	89
3256	3531	3255	91
91	3255	3509	83
87	90	80	7
3507	3257	90	87
3257	3508	89	90
90	89	1	80
85	88	77	13
3506	3258	88	85
3258	3507	87	88
88	87	7	77
3259	86	74	3520
3527	3260	86	3259
3260	3506	85	86
86	85	13	74
81	84	72	2
1	83	84	81
83	3509	3261	84
84	3261	3510	72
78	82	69	8
7	80	82	78
80	1	81	82
82	81	2	69
75	79	66	14
13	77	79	75
77	7	78	79
79	78	8	66
3262	76	63	3519
3520	74	76	3262
74	13	75	76
76	75	14	63
70	73	61	3
2	72	73	70
72	3510	3263	73
73	3263	3511	61
67	71	58	9
8	69	71	67
69	2	70	71
71	70	3	58
64	68	55	15
14	66	68	64
66	8	67	68
68	67	9	55
3264	65	52	3518
3519	63	65	3264
63	14	64	65
65	64	15	52
59	62	50	4
3	61	62	59
61	3511	3265	62
62	3265	3512	50
56	60	47	10
9	58	60	56
58	3	59	60
60	59	4	47
53	57	44	16
15	55	57	53
55	9	56	57
57	56	10	44
3266	54	41	3517
3518	52	54	3266
52	15	53	54
54	53	16	41
48	51	39	5
4	50	51	48
50	3512	3267	51
51	3267	3513	39
45	49	36	11
10	47	49	45
47	4	48	49
49	48	5	36
42	46	33	17
16	44	46	42
44	10	45	46
46	45	11	33
3268	43	30	3516
3517	41	43	3268
41	16	42	43
43	42	17	30
37	40	28	6
5	39	40	37
39	3513	3269	40
40	3269	3514	28
34	38	25	12
11	36	38	34
36	5	37	38
38	37	6	25
31	35	22	18
17	33	35	31
33	11	34	35
35	34	12	22
3270	32	19	3515
3516	30	32	3270
30	17	31	32
32	31	18	19
26	29	3272	3503
6	28	29	26
28	3514	3271	29
29	3271	3530	3272
23	27	3273	3504
12	25	27	23
25	6	26	27
27	26	3503	3273
20	24	3274	3505
18	22	24	20
22	12	23	24
24	23	3504	3274
3276	21	3275	3521
3515	19	21	3276
19	18	20	21
21	20	3505	3275
320	322	314	92
3503	3272	322	320
3272	3530	3217	322
322	3217	3471	314
318	321	311	108
3504	3273	321	318
3273	3503	320	321
321	320	92	311
316	319	308	124
3505	3274	319	316
3274	3504	318	319
319	318	108	308
3218	317	305	3502
3521	3275	317	3218
3275	3505	316	317
317	316	124	305
312	315	303	93
92	314	315	312
314	3471	3219	315
315	3219	3472	303
309	313	300	109
108	311	313	309
311	92	312	313
313	312	93	300
306	310	297	125
124	308	310	306
308	108	309	310
310	309	109	297
3220	307	294	3501
3502	305	307	3220
305	124	306	307
307	306	125	294
301	304	292	94
93	303	304	301
303	3472	3221	304
304	3221	3473	292
298	302	289	110
109	300	302	298
300	93	301	302
302	301	94	289
295	299	286	126
125	297	299	295
297	109	298	299
299	298	110	286
3222	296	283	3500
3501	294	296	3222
294	125	295	296
296	295	126	283
290	293	281	95
94	292	293	290
292	3473	3223	293
293	3223	3474	281
287	291	278	111
110	289	291	287
289	94	290	291
291	290	95	278
284	288	275	127
126	286	288	284
286	110	287	288
288	287	111	275
3224	285	272	3499
3500	283	285	3224
283	126	284	285
285	284	127	272
279	282	270	96
95	281	282	279
281	3474	3225	282
282	3225	3475	270
276	280	267	112
111	278	280	276
278	95	279	280
280	279	96	267
273	277	264	128
127	275	277	273
275	111	276	277
277	276	112	264
3226	274	261	3498
3499	272	274	3226
272	127	273	274
274	273	128	261
268	271	259	97
96	270	271	268
270	3475	3227	271
271	3227	3476	259
265	269	256	113
112	267	269	265
267	96	268	269
269	268	97	256
262	266	253	129
128	264	266	262
264	112	265	266
266	265	113	253
3228	263	250	3497
3498	261	263	3228
261	128	262	263
263	262	129	250
257	260	248	98
97	259	260	257
259	3476	3229	260
260	3229	3477	248
254	258	245	114
113	256	258	254
256	97	257	258
258	257	98	245
251	255	242	130
129	253	255	251
253	113	254	255
255	254	114	242
3230	252	239	3496
3497	250	252	3230
250	129	251	252
252	251	130	239
246	249	237	99
98	248	249	246
248	3477	3231	249
249	3231	3478	237
243	247	234	115
114	245	247	243
245	98	246	247
247	246	99	234
240	244	231	131
130	242	244	240
242	114	243	244
244	243	115	231
3232	241	228	3495
3496	239	241	3232
239	130	240	241
241	240	131	228
235	238	226	100
99	237	238	235
237	3478	3233	238
238	3233	3479	226
232	236	223	116
115	234	236	232
234	99	235	236
236	235	100	223
229	233	220	132
131	231	233	229
231	115	232	233
233	232	116	220
3234	230	217	3494
3495	228	230	3234
228	131	229	230
230	229	132	217
224	227	215	101
100	226	227	224
226	3479	3235	227
227	3235	3480	215
221	225	212	117
116	223	225	221
223	100	224	225
225	224	101	212
218	222	209	133
132	220	222	218
220	116	221	222
222	221	117	209
3236	219	206	3493
3494	217	219	3236
217	132	218	219
219	218	133	206
213	216	204	102
101	215	216	213
215	3480	3237	216
216	3237	3481	204
210	214	201	118
117	212	214	210
212	101	213	214
214	213	102	201
207	211	198	134
133	209	211	207
209	117	210	211
211	210	118	198
3238	208	195	3492
3493	206	208	3238
206	133	207	208
208	207	134	195
202	205	193	103
102	204	205	202
204	3481	3239	205
205	3239	3482	193
199	203	190	119
118	201	203	199
201	102	202	203
203	202	103	190
196	200	187	135
134	198	200	196
198	118	199	200
200	199	119	187
3240	197	184	3491
3492	195	197	3240
195	134	196	197
197	196	135	184
191	194	182	104
103	193	194	191
193	3482	3241	194
194	3241	3483	182
188	192	179	120
119	190	192	188
190	103	191	192
192	191	104	179
185	189	176	136
135	187	189	185
187	119	188	189
189	188	120	176
3242	186	173	3490
3491	184	186	3242
184	135	185	186
186	185	136	173
180	183	171	105
104	182	183	180
182	3483	3243	183
183	3243	3484	171
177	181	168	121
120	179	181	177
179	104	180	181
181	180	105	168
174	178	165	137
136	176	178	174
176	120	177	178
178	177	121	165
3244	175	162	3489
3490	173	175	3244
173	136	174	175
175	174	137	162
169	172	160	106
105	171	172	169
171	3484	3245	172
172	3245	3485	160
166	170	157	122
121	168	170	166
168	105	169	170
170	169	106	157
163	167	154	138
137	165	167	163
165	121	166	167
167	166	122	154
3246	164	151	3488
3489	162	164	3246
162	137	163	164
164	163	138	151
158	161	149	107
106	160	161	158
160	3485	3247	161
161	3247	3486	149
155	159	146	123
122	157	159	155
157	106	158	159
159	158	107	146
152	156	143	139
138	154	156	152
154	122	155	156
156	155	123	143
3248	153	140	3487
3488	151	153	3248
151	138	152	153
153	152	139	140
147	150	3250	3470
107	149	150	147
149	3486	3249	150
150	3249	3534	3250
144	148	3251	3469
123	146	148	144
146	107	147	148
148	147	3470	3251
141	145	3252	3468
139	143	145	141
143	123	144	145
145	144	3469	3252
3254	142	3253	3522
3487	140	142	3254
140	139	141	142
142	141	3468	3253
551	553	545	323
3470	3250	553	551
3250	3534	3179	553
553	3179	3451	545
549	552	542	339
3469	3251	552	549
3251	3470	551	552
552	551	323	542
547	550	539	355
3468	3252	550	547
3252	3469	549	550
550	549	339	539
3180	548	536	3467
3522	3253	548	3180
3253	3468	547	548
548	547	355	536
543	546	534	324
323	545	546	543
545	3451	3181	546
546	3181	3450	534
540	544	531	340
339	542	544	540
542	323	543	544
544	543	324	531
537	541	528	356
355	539	541	537
539	339	540	541
541	540	340	528
3182	538	525	3466
3467	536	538	3182
536	355	537	538
538	537	356	525
532	535	523	325
324	534	535	532
534	3450	3183	535
535	3183	3449	523
529	533	520	341
340	531	533	529
531	324	532	533
533	532	325	520
526	530	517	357
356	528	530	526
528	340	529	530
530	529	341	517
3184	527	514	3465
3466	525	527	3184
525	356	526	527
527	526	357	514
521	524	512	326
325	523	524	521
523	3449	3185	524
524	3185	3448	512
518	522	509	342
341	520	522	518
520	325	521	522
522	521	326	509
515	519	506	358
357	517	519	515
517	341	518	519
519	518	342	506
3186	516	503	3464
3465	514	516	3186
514	357	515	516
516	515	358	503
510	513	501	327
326	512	513	510
512	3448	3187	513
513	3187	3447	501
507	511	498	343
342	509	511	507
509	326	510	511
511	510	327	498
504	508	495	359
358	506	508	504
506	342	507	508
508	507	343	495
3188	505	492	3463
3464	503	505	3188
503	358	504	505
505	504	359	492
499	502	490	328
327	501	502	499
501	3447	3189	502
502	3189	3446	490
496	500	487	344
343	498	500	496
498	327	499	500
500	499	328	487
493	497	484	360
359	495	497	493
495	343	496	497
497	496	344	484
3190	494	481	3462
3463	492	494	3190
492	359	493	494
494	493	360	481
488	491	479	329
328	490	491	488
490	3446	3191	491
491	3191	3445	479
485	489	476	345
344	487	489	485
487	328	488	489
489	488	329	476
482	486	473	361
360	484	486	482
484	344	485	486
486	485	345	473
3192	483	470	3461
3462	481	483	3192
481	360	482	483
483	482	361	470
477	480	468	330
329	479	480	477
479	3445	3193	480
480	3193	3444	468
474	478	465	346
345	476	478	474
476	329	477	478
478	477	330	465
471	475	462	362
361	473	475	471
473	345	474	475
475	474	346	462
3194	472	459	3460
3461	470	472	3194
470	361	471	472
472	471	362	459
466	469	457	331
330	468	469	466
468	3444	3195	469
469	3195	3443	457
463	467	454	347
346	465	467	463
465	330	466	467
467	466	331	454
460	464	451	363
362	462	464	460
462	346	463	464
464	463	347	451
3196	461	448	3459
3460	459	461	3196
459	362	460	461
461	460	363	448
455	458	446	332
331	457	458	455
457	3443	3197	458
458	3197	3442	446
452	456	443	348
347	454	456	452
454	331	455	456
456	455	332	443
449	453	440	364
363	451	453	449
451	347	452	453
453	452	348	440
3198	450	437	3458
3459	448	450	3198
448	363	449	450
450	449	364	437
444	447	435	333
332	446	447	444
446	3442	3199	447
447	3199	3441	435
441	445	432	349
348	443	445	441
443	332	444	445
445	444	333	432
438	442	429	365
364	440	442	438
440	348	441	442
442	441	349	429
3200	439	426	3457
3458	437	439	3200
437	364	438	439
439	438	365	426
433	436	424	334
333	435	436	433
435	3441	3201	436
436	3201	3440	424
430	434	421	350
349	432	434	430
432	333	433	434
434	433	334	421
427	431	418	366
365	429	431	427
429	349	430	431
431	430	350	418
3202	428	415	3456
3457	426	428	3202
426	365	427	428
428	427	366	415
422	425	413	335
334	424	425	422
424	3440	3203	425
425	3203	3439	413
419	423	410	351
350	421	423	419
421	334	422	423
423	422	335	410
416	420	407	367
366	418	420	416
418	350	419	420
420	419	351	407
3204	417	404	3455
3456	415	417	3204
415	366	416	417
417	416	367	404
411	414	402	336
335	413	414	411
413	3439	3205	414
414	3205	3438	402
408	412	399	352
351	410	412	408
410	335	411	412
412	411	336	399
405	409	396	368
367	407	409	405
407	351	408	409
409	408	352	396
3206	406	393	3454
3455	404	406	3206
404	367	405	406
406	405	368	393
400	403	391	337
336	402	403	400
402	3438	3207	403
403	3207	3437	391
397	401	388	353
352	399	401	397
399	336	400	401
401	400	337	388
394	398	385	369
368	396	398	394
396	352	397	398
398	397	353	385
3208	395	382	3453
3454	393	395	3208
393	368	394	395
395	394	369	382
389	392	380	338
337	391	392	389
391	3437	3209	392
392	3209	3436	380
386	390	377	354
353	388	390	386
388	337	389	390
390	389	338	377
383	387	374	370
369	385	387	383
385	353	386	387
387	386	354	374
3210	384	371	3452
3453	382	384	3210
382	369	383	384
384	383	370	371
378	381	3212	3433
338	380	381	378
380	3436	3211	381
381	3211	3536	3212
375	379	3213	3434
354	377	379	375
377	338	378	379
379	378	3433	3213
372	376	3214	3435
370	374	376	372
374	354	375	376
376	375	3434	3214
3216	373	3215	3523
3452	371	373	3216
371	370	372	373
373	372	3435	3215
642	644	636	554
3433	3212	644	642
3212	3536	3161	644
644	3161	3426	636
640	643	633	560
3434	3213	643	640
3213	3433	642	643
643	642	554	633
638	641	630	566
3435	3214	641	638
3214	3434	640	641
641	640	560	630
3162	639	627	3432
3523	3215	639	3162
3215	3435	638	639
639	638	566	627
634	637	625	555
554	636	637	634
636	3426	3163	637
637	3163	3425	625
631	635	622	561
560	633	635	631
633	554	634	635
635	634	555	622
628	632	619	567
566	630	632	628
630	560	631	632
632	631	561	619
3164	629	616	3431
3432	627	629	3164
627	566	628	629
629	628	567	616
623	626	614	556
555	625	626	623
625	3425	3165	626
626	3165	3424	614
620	624	611	562
561	622	624	620
622	555	623	624
624	623	556	611
617	621	608	568
567	619	621	617
619	561	620	621
621	620	562	608
3166	618	605	3430
3431	616	618	3166
616	567	617	618
618	617	568	605
612	615	603	557
556	614	615	612
614	3424	3167	615
615	3167	3423	603
609	613	600	563
562	611	613	609
611	556	612	613
613	612	557	600
606	610	597	569
568	608	610	606
608	562	609	610
610	609	563	597
3168	607	594	3429
3430	605	607	3168
605	568	606	607
607	606	569	594
601	604	592	558
557	603	604	601
603	3423	3169	604
604	3169	3422	592
598	602	589	564
563	600	602	598
600	557	601	602
602	601	558	589
595	599	586	570
569	597	599	595
597	563	598	599
599	598	564	586
3170	596	583	3428
3429	594	596	3170
594	569	595	596
596	595	570	583
590	593	581	559
558	592	593	590
592	3422	3171	593
593	3171	3421	581
587	591	578	565
564	589	591	587
589	558	590	591
591	590	559	578
584	588	575	571
570	586	588	584
586	564	587	588
588	587	565	575
3172	585	572	3427
3428	583	585	3172
583	570	584	585
585	584	571	572
579	582	3174	3418
559	581	582	579
581	3421	3173	582
582	3173	3537	3174
576	580	3175	3419
565	578	580	576
578	559	579	580
580	579	3418	3175
573	577	3176	3420
571	575	577	573
575	565	576	577
577	576	3419	3176
3178	574	3177	3524
3427	572	574	3178
572	571	573	574
574	573	3420	3177
733	735	727	645
3418	3174	735	733
3174	3537	3143	735
735	3143	3406	727
731	734	724	651
3419	3175	734	731
3175	3418	733	734
734	733	645	724
729	732	721	657
3420	3176	732	729
3176	3419	731	732
732	731	651	721
3144	730	718	3417
3524	3177	730	3144
3177	3420	729	730
730	729	657	718
725	728	716	646
645	727	728	725
727	3406	3145	728
728	3145	3407	716
722	726	713	652
651	724	726	722
724	645	725	726
726	725	646	713
719	723	710	658
657	721	723	719
721	651	722	723
723	722	652	710
3146	720	707	3416
3417	718	720	3146
718	657	719	720
720	719	658	707
714	717	705	647
646	716	717	714
716	3407	3147	717
717	3147	3408	705
711	715	702	653
652	713	715	711
713	646	714	715
715	714	647	702
708	712	699	659
658	710	712	708
710	652	711	712
712	711	653	699
3148	709	696	3415
3416	707	709	3148
707	658	708	709
709	708	659	696
703	706	694	648
647	705	706	703
705	3408	3149	706
706	3149	3409	694
700	704	691	654
653	702	704	700
702	647	703	704
704	703	648	691
697	701	688	660
659	699	701	697
699	653	700	701
701	700	654	688
3150	698	685	3414
3415	696	698	3150
696	659	697	698
698	697	660	685
692	695	683	649
648	694	695	692
694	3409	3151	695
695	3151	3410	683
689	693	680	655
654	691	693	689
691	648	692	693
693	692	649	680
686	690	677	661
660	688	690	686
688	654	689	690
690	689	655	677
3152	687	674	3413
3414	685	687	3152
685	660	686	687
687	686	661	674
681	684	672	650
649	683	684	681
683	3410	3153	684
684	3153	3411	672
678	682	669	656
655	680	682	678
680	649	681	682
682	681	650	669
675	679	666	662
661	677	679	675
677	655	678	679
679	678	656	666
3154	676	663	3412
3413	674	676	3154
674	661	675	676
676	675	662	663
670	673	3156	3403
650	672	673	670
672	3411	3155	673
673	3155	3532	3156
667	671	3157	3404
656	669	671	667
669	650	670	671
671	670	3403	3157
664	668	3158	3405
662	666	668	664
666	656	667	668
668	667	3404	3158
3160	665	3159	3525
3412	663	665	3160
663	662	664	665
665	664	3405	3159
964	966	958	736
3403	3156	966	964
3156	3532	3105	966
966	3105	3371	958
962	965	955	752
3404	3157	965	962
3157	3403	964	965
965	964	736	955
960	963	952	768
3405	3158	963	960
3158	3404	962	963
963	962	752	952
3106	961	949	3402
3525	3159	961	3106
3159	3405	960	961
961	960	768	949
956	959	947	737
736	958	959	956
958	3371	3107	959
959	3107	3372	947
953	957	944	753
752	955	957	953
955	736	956	957
957	956	737	944
950	954	941	769
768	952	954	950
952	752	953	954
954	953	753	941
3108	951	938	3401
3402	949	951	3108
949	768	950	951
951	950	769	938
945	948	936	738
737	947	948	945
947	3372	3109	948
948	3109	3373	936
942	946	933	754
753	944	946	942
944	737	945	946
946	945	738	933
939	943	930	770
769	941	943	939
941	753	942	943
943	942	754	930
3110	940	927	3400
3401	938	940	3110
938	769	939	940
940	939	770	927
934	937	925	739
738	936	937	934
936	3373	3111	937
937	3111	3374	925
931	935	922	755
754	933	935	931
933	738	934	935
935	934	739	922
928	932	919	771
770	930	932	928
930	754	931	932
932	931	755	919
3112	929	916	3399
3400	927	929	3112
927	770	928	929
929	928	771	916
923	926	914	740
739	925	926	923
925	3374	3113	926
926	3113	3375	914
920	924	911	756
755	922	924	920
922	739	923	924
924	923	740	911
917	921	908	772
771	919	921	917
919	755	920	921
921	920	756	908
3114	918	905	3398
3399	916	918	3114
916	771	917	918
918	917	772	905
912	915	903	741
740	914	915	912
914	3375	3115	915
915	3115	3376	903
909	913	900	757
756	911	913	909
911	740	912	913
913	912	741	900
906	910	897	773
772	908	910	906
908	756	909	910
910	909	757	897
3116	907	894	3397
3398	905	907	3116
905	772	906	907
907	906	773	894
901	904	892	742
741	903	904	901
903	3376	3117	904
904	3117	3377	892
898	902	889	758
757	900	902	898
900	741	901	902
902	901	742	889
895	899	886	774
773	897	899	895
897	757	898	899
899	898	758	886
3118	896	883	3396
3397	894	896	3118
894	773	895	896
896	895	774	883
890	893	881	743
742	892	893	890
892	3377	3119	893
893	3119	3378	881
887	891	878	759
758	889	891	887
889	742	890	891
891	890	743	878
884	888	875	775
774	886	888	884
886	758	887	888
888	887	759	875
3120	885	872	3395
3396	883	885	3120
883	774	884	885
885	884	775	872
879	882	870	744
743	881	882	879
881	3378	3121	882
882	3121	3379	870
876	880	867	760
759	878	880	876
878	743	879	880
880	879	744	867
873	877	864	776
775	875	877	873
875	759	876	877
877	876	760	864
3122	874	861	3394
3395	872	874	3122
872	775	873	874
874	873	776	861
868	871	859	745
744	870	871	868
870	3379	3123	871
871	3123	3380	859
865	869	856	761
760	867	869	865
867	744	868	869
869	868	745	856
862	866	853	777
776	864	866	862
864	760	865	866
866	865	761	853
3124	863	850	3393
3394	861	863	3124
861	776	862	863
863	862	777	850
857	860	848	746
745	859	860	857
859	3380	3125	860
860	3125	3381	848
854	858	845	762
761	856	858	854
856	745	857	858
858	857	746	845
851	855	842	778
777	853	855	851
853	761	854	855
855	854	762	842
3126	852	839	3392
3393	850	852	3126
850	777	851	852
852	851	778	839
846	849	837	747
746	848	849	846
848	3381	3127	849
849	3127	3382	837
843	847	834	763
762	845	847	843
845	746	846	847
847	846	747	834
840	844	831	779
778	842	844	840
842	762	843	844
844	843	763	831
3128	841	828	3391
3392	839	841	3128
839	778	840	841
841	840	779	828
835	838	826	748
747	837	838	835
837	3382	3129	838
838	3129	3383	826
832	836	823	764
763	834	836	832
834	747	835	836
836	835	748	823
829	833	820	780
779	831	833	829
831	763	832	833
833	832	764	820
3130	830	817	3390
3391	828	830	3130
828	779	829	830
830	829	780	817
824	827	815	749
748	826	827	824
826	3383	3131	827
827	3131	3384	815
821	825	812	765
764	823	825	821
823	748	824	825
825	824	749	812
818	822	809	781
780	820	822	818
820	764	821	822
822	821	765	809
3132	819	806	3389
3390	817	819	3132
817	780	818	819
819	818	781	806
813	816	804	750
749	815	816	813
815	3384	3133	816
816	3133	3385	804
810	814	801	766
765	812	814	810
812	749	813	814
814	813	750	801
807	811	798	782
781	809	811	807
809	765	810	811
811	810	766	798
3134	808	795	3388
3389	806	808	3134
806	781	807	808
808	807	782	795
802	805	793	751
750	804	805	802
804	3385	3135	805
805	3135	3386	793
799	803	790	767
766	801	803	799
801	750	802	803
803	802	751	790
796	800	787	783
782	798	800	796
798	766	799	800
800	799	767	787
3136	797	784	3387
3388	795	797	3136
795	782	796	797
797	796	783	784
791	794	3138	3368
751	793	794	791
793	3386	3137	794
794	3137	3533	3138
788	792	3139	3369
767	790	792	788
790	751	791	792
792	791	3368	3139
785	789	3140	3370
783	787	789	785
787	767	788	789
789	788	3369	3140
3142	786	3141	3526
3387	784	786	3142
784	783	785	786
786	785	3370	3141
1195	1197	1189	967
3368	3138	1197	1195
3138	3533	3067	1197
1197	3067	3351	1189
1193	1196	1186	983
3369	3139	1196	1193
3139	3368	1195	1196
1196	1195	967	1186
1191	1194	1183	999
3370	3140	1194	1191
3140	3369	1193	1194
1194	1193	983	1183
3068	1192	1180	3367
3526	3141	1192	3068
3141	3370	1191	1192
1192	1191	999	1180
1187	1190	1178	968
967	1189	1190	1187
1189	3351	3069	1190
1190	3069	3350	1178
1184	1188	1175	984
983	1186	1188	1184
1186	967	1187	1188
1188	1187	968	1175
1181	1185	1172	1000
999	1183	1185	1181
1183	983	1184	1185
1185	1184	984	1172
3070	1182	1169	3366
3367	1180	1182	3070
1180	999	1181	1182
1182	1181	1000	1169
1176	1179	1167	969
968	1178	1179	1176
1178	3350	3071	1179
1179	3071	3349	1167
1173	1177	1164	985
984	1175	1177	1173
1175	968	1176	1177
1177	1176	969	1164
1170	1174	1161	1001
1000	1172	1174	1170
1172	984	1173	1174
1174	1173	985	1161
3072	1171	1158	3365
3366	1169	1171	3072
1169	1000	1170	1171
1171	1170	1001	1158
1165	1168	1156	970
969	1167	1168	1165
1167	3349	3073	1168
1168	3073	3348	1156
1162	1166	1153	986
985	1164	1166	1162
1164	969	1165	1166
1166	1165	970	1153
1159	1163	1150	1002
1001	1161	1163	1159
1161	985	1162	1163
1163	1162	986	1150
3074	1160	1147	3364
3365	1158	1160	3074
1158	1001	1159	1160
1160	1159	1002	1147
1154	1157	1145	971
970	1156	1157	1154
1156	3348	3075	1157
1157	3075	3347	1145
1151	1155	1142	987
986	1153	1155	1151
1153	970	1154	1155
1155	1154	971	1142
1148	1152	1139	1003
1002	1150	1152	1148
1150	986	1151	1152
1152	1151	987	1139
3076	1149	1136	3363
3364	1147	1149	3076
1147	1002	1148	1149
1149	1148	1003	1136
1143	1146	1134	972
971	1145	1146	1143
1145	3347	3077	1146
1146	3077	3346	1134
1140	1144	1131	988
987	1142	1144	1140
1142	971	1143	1144
1144	1143	972	1131
1137	1141	1128	1004
1003	1139	1141	1137
1139	987	1140	1141
1141	1140	988	1128
3078	1138	1125	3362
3363	1136	1138	3078
1136	1003	1137	1138
1138	1137	1004	1125
1132	1135	1123	973
972	1134	1135	1132
1134	3346	3079	1135
1135	3079	3345	1123
1129	1133	1120	989
988	1131	1133	1129
1131	972	1132	1133
1133	1132	973	1120
1126	1130	1117	1005
1004	1128	1130	1126
1128	988	1129	1130
1130	1129	989	1117
3080	1127	1114	3361
3362	1125	1127	3080
1125	1004	1126	1127
1127	1126	1005	1114
1121	1124	1112	974
973	1123	1124	1121
1123	3345	3081	1124
1124	3081	3344	1112
1118	1122	1109	990
989	1120	1122	1118
1120	973	1121	1122
1122	1121	974	1109
1115	1119	1106	1006
1005	1117	1119	1115
1117	989	1118	1119
1119	1118	990	1106
3082	1116	1103	3360
3361	1114	1116	3082
1114	1005	1115	1116
1116	1115	1006	1103
1110	1113	1101	975
974	1112	1113	1110
1112	3344	3083	1113
1113	3083	3343	1101
1107	1111	1098	991
990	1109	1111	1107
1109	974	1110	1111
1111	1110	975	1098
1104	1108	1095	1007
1006	1106	1108	1104
1106	990	1107	1108
1108	1107	991	1095
3084	1105	1092	3359
3360	1103	1105	3084
1103	1006	1104	1105
1105	1104	1007	1092
1099	1102	1090	976
975	1101	1102	1099
1101	3343	3085	1102
1102	3085	3342	1090
1096	1100	1087	992
991	1098	1100	1096
1098	975	1099	1100
1100	1099	976	1087
1093	1097	1084	1008
1007	1095	1097	1093
1095	991	1096	1097
1097	1096	992	1084
3086	1094	1081	3358
3359	1092	1094	3086
1092	1007	1093	1094
1094	1093	1008	1081
1088	1091	1079	977
976	1090	1091	1088
1090	3342	3087	1091
1091	3087	3341	1079
1085	1089	1076	993
992	1087	1089	1085
1087	976	1088	1089
1089	1088	977	1076
1082	1086	1073	1009
1008	1084	1086	1082
1084	992	1085	1086
1086	1085	993	1073
3088	1083	1070	3357
3358	1081	1083	3088
1081	1008	1082	1083
1083	1082	1009	1070
1077	1080	1068	978
977	1079	1080	1077
1079	3341	3089	1080
1080	3089	3340	1068
1074	1078	1065	994
993	1076	1078	1074
1076	977	1077	1078
1078	1077	978	1065
1071	1075	1062	1010
1009	1073	1075	1071
1073	993	1074	1075
1075	1074	994	1062
3090	1072	1059	3356
3357	1070	1072	3090
1070	1009	1071	1072
1072	1071	1010	1059
1066	1069	1057	979
978	1068	1069	1066
1068	3340	3091	1069
1069	3091	3339	1057
1063	1067	1054	995
994	1065	1067	1063
1065	978	1066	1067
1067	1066	979	1054
1060	1064	1051	1011
1010	1062	1064	1060
1062	994	1063	1064
1064	1063	995	1051
3092	1061	1048	3355
3356	1059	1061	3092
1059	1010	1060	1061
1061	1060	1011	1048
1055	1058	1046	980
979	1057	1058	1055
1057	3339	3093	1058
1058	3093	3338	1046
1052	1056	1043	996
995	1054	1056	1052
1054	979	1055	1056
1056	1055	980	1043
1049	1053	1040	1012
1011	1051	1053	1049
1051	995	1052	1053
1053	1052	996	1040
3094	1050	1037	3354
3355	1048	1050	3094
1048	1011	1049	1050
1050	1049	1012	1037
1044	1047	1035	981
980	1046	1047	1044
1046	3338	3095	1047
1047	3095	3337	1035
1041	1045	1032	997
996	1043	1045	1041
1043	980	1044	1045
1045	1044	981	1032
1038	1042	1029	1013
1012	1040	1042	1038
1040	996	1041	1042
1042	1041	997	1029
3096	1039	1026	3353
3354	1037	1039	3096
1037	1012	1038	1039
1039	1038	1013	1026
1033	1036	1024	982
981	1035	1036	1033
1035	3337	3097	1036
1036	3097	3336	1024
1030	1034	1021	998
997	1032	1034	1030
1032	981	1033	1034
1034	1033	982	1021
1027	1031	1018	1014
1013	1029	1031	1027
1029	997	1030	1031
1031	1030	998	1018
3098	1028	1015	3352
3353	1026	1028	3098
1026	1013	1027	1028
1028	1027	1014	1015
1022	1025	3100	3333
982	1024	1025	1022
1024	3336	3099	1025
1025	3099	3529	3100
1019	1023	3101	3334
998	1021	1023	1019
1021	982	1022	1023
1023	1022	3333	3101
1016	1020	3102	3335
1014	1018	1020	1016
1018	998	1019	1020
1020	1019	3334	3102
3104	1017	3103	3528
3352	1015	1017	3104
1015	1014	1016	1017
1017	1016	3335	3103
1286	1288	1280	1198
3333	3100	1288	1286
3100	3529	3053	1288
1288	3053	3326	1280
1284	1287	1277	1204
3334	3101	1287	1284
3101	3333	1286	1287
1287	1286	1198	1277
1282	1285	1274	1210
3335	3102	1285	1282
3102	3334	1284	1285
1285	1284	1204	1274
3054	1283	1271	3332
3528	3103	1283	3054
3103	3335	1282	1283
1283	1282	1210	1271
1278	1281	1269	1199
1198	1280	1281	1278
1280	3326	3055	1281
1281	3055	3325	1269
1275	1279	1266	1205
1204	1277	1279	1275
1277	1198	1278	1279
1279	1278	1199	1266
1272	1276	1263	1211
1210	1274	1276	1272
1274	1204	1275	1276
1276	1275	1205	1263
3056	1273	1260	3331
3332	1271	1273	3056
1271	1210	1272	1273
1273	1272	1211	1260
1267	1270	1258	1200
1199	1269	1270	1267
1269	3325	3057	1270
1270	3057	3324	1258
1264	1268	1255	1206
1205	1266	1268	1264
1266	1199	1267	1268
1268	1267	1200	1255
1261	1265	1252	1212
1211	1263	1265	1261
1263	1205	1264	1265
1265	1264	1206	1252
3058	1262	1249	3330
3331	1260	1262	3058
1260	1211	1261	1262
1262	1261	1212	1249
1256	1259	1247	1201
1200	1258	1259	1256
1258	3324	3059	1259
1259	3059	3323	1247
1253	1257	1244	1207
1206	1255	1257	1253
1255	1200	1256	1257
1257	1256	1201	1244
1250	1254	1241	1213
1212	1252	1254	1250
1252	1206	1253	1254
1254	1253	1207	1241
3060	1251	1238	3329
3330	1249	1251	3060
1249	1212	1250	1251
1251	1250	1213	1238
1245	1248	1236	1202
1201	1247	1248	1245
1247	3323	3061	1248
1248	3061	3322	1236
1242	1246	1233	1208
1207	1244	1246	1242
1244	1201	1245	1246
1246	1245	1202	1233
1239	1243	1230	1214
1213	1241	1243	1239
1241	1207	1242	1243
1243	1242	1208	1230
3062	1240	1227	3328
3329	1238	1240	3062
1238	1213	1239	1240
1240	1239	1214	1227
1234	1237	1225	1203
1202	1236	1237	1234
1236	3322	3063	1237
1237	3063	3321	1225
1231	1235	1222	1209
1208	1233	1235	1231
1233	1202	1234	1235
1235	1234	1203	1222
1228	1232	1219	1215
1214	1230	1232	1228
1230	1208	1231	1232
1232	1231	1209	1219
3064	1229	1216	3327
3328	1227	1229	3064
1227	1214	1228	1229
1229	1228	1215	1216
1223	1226	3256	3508
1203	1225	1226	1223
1225	3321	3065	1226
1226	3065	3531	3256
1220	1224	3257	3507
1209	1222	1224	1220
1222	1203	1223	1224
1224	1223	3508	3257
1217	1221	3258	3506
1215	1219	1221	1217
1219	1209	1220	1221
1221	1220	3507	3258
3066	1218	3260	3527
3327	1216	1218	3066
1216	1215	1217	1218
1218	1217	3506	3260
1715	1717	1703	1289
3326	3053	1717	1715
3053	3529	3099	1717
1717	3099	3336	1703
1713	1716	1700	1305
3325	3055	1716	1713
3055	3326	1715	1716
1716	1715	1289	1700
1711	1714	1697	1321
3324	3057	1714	1711
3057	3325	1713	1714
1714	1713	1305	1697
1709	1712	1694	1337
3323	3059	1712	1709
3059	3324	1711	1712
1712	1711	1321	1694
1707	1710	1691	1353
3322	3061	1710	1707
3061	3323	1709	1710
1710	1709	1337	1691
1705	1708	1688	1369
3321	3063	1708	1705
3063	3322	1707	1708
1708	1707	1353	1688
3029	1706	1685	3299
3531	3065	1706	3029
3065	3321	1705	1706
1706	1705	1369	1685
1701	1704	1683	1290
1289	1703	1704	1701
1703	3336	3097	1704
1704	3097	3337	1683
1698	1702	1680	1306
1305	1700	1702	1698
1700	1289	1701	1702
1702	1701	1290	1680
1695	1699	1677	1322
1321	1697	1699	1695
1697	1305	1698	1699
1699	1698	1306	1677
1692	1696	1674	1338
1337	1694	1696	1692
1694	1321	1695	1696
1696	1695	1322	1674
1689	1693	1671	1354
1353	1691	1693	1689
1691	1337	1692	1693
1693	1692	1338	1671
1686	1690	1668	1370
1369	1688	1690	1686
1688	1353	1689	1690
1690	1689	1354	1668
3030	1687	1665	3300
3299	1685	1687	3030
1685	1369	1686	1687
1687	1686	1370	1665
1681	1684	1663	1291
1290	1683	1684	1681
1683	3337	3095	1684
1684	3095	3338	1663
1678	1682	1660	1307
1306	1680	1682	1678
1680	1290	1681	1682
1682	1681	1291	1660
1675	1679	1657	1323
1322	1677	1679	1675
1677	1306	1678	1679
1679	1678	1307	1657
1672	1676	1654	1339
1338	1674	1676	1672
1674	1322	1675	1676
1676	1675	1323	1654
1669	1673	1651	1355
1354	1671	1673	1669
1671	1338	1672	1673
1673	1672	1339	1651
1666	1670	1648	1371
1370	1668	1670	1666
1668	1354	1669	1670
1670	1669	1355	1648
3031	1667	1645	3301
3300	1665	1667	3031
1665	1370	1666	1667
1667	1666	1371	1645
1661	1664	1643	1292
1291	1663	1664	1661
1663	3338	3093	1664
1664	3093	3339	1643
1658	1662	1640	1308
1307	1660	1662	1658
1660	1291	1661	1662
1662	1661	1292	1640
1655	1659	1637	1324
1323	1657	1659	1655
1657	1307	1658	1659
1659	1658	1308	1637
1652	1656	1634	1340
1339	1654	1656	1652
1654	1323	1655	1656
1656	1655	1324	1634
1649	1653	1631	1356
1355	1651	1653	1649
1651	1339	1652	1653
1653	1652	1340	1631
1646	1650	1628	1372
1371	1648	1650	1646
1648	1355	1649	1650
1650	1649	1356	1628
3032	1647	1625	3302
3301	1645	1647	3032
1645	1371	1646	1647
1647	1646	1372	1625
1641	1644	1623	1293
1292	1643	1644	1641
1643	3339	3091	1644
1644	3091	3340	1623
1638	1642	1620	1309
1308	1640	1642	1638
1640	1292	1641	1642
1642	1641	1293	1620
1635	1639	1617	1325
1324	1637	1639	1635
1637	1308	1638	1639
1639	1638	1309	1617
1632	1636	1614	1341
1340	1634	1636	1632
1634	1324	1635	1636
1636	1635	1325	1614
1629	1633	1611	1357
1356	1631	1633	1629
1631	1340	1632	1633
1633	1632	1341	1611
1626	1630	1608	1373
1372	1628	1630	1626
1628	1356	1629	1630
1630	1629	1357	1608
3033	1627	1605	3303
3302	1625	1627	3033
1625	1372	1626	1627
1627	1626	1373	1605
1621	1624	1603	1294
1293	1623	1624	1621
1623	3340	3089	1624
1624	3089	3341	1603
1618	1622	1600	1310
1309	1620	1622	1618
1620	1293	1621	1622
1622	1621	1294	1600
1615	1619	1597	1326
1325	1617	1619	1615
1617	1309	1618	1619
1619	1618	1310	1597
1612	1616	1594	1342
1341	1614	1616	1612
1614	1325	1615	1616
1616	1615	1326	1594
1609	1613	1591	1358
1357	1611	1613	1609
1611	1341	1612	1613
1613	1612	1342	1591
1606	1610	1588	1374
1373	1608	1610	1606
1608	1357	1609	1610
1610	1609	1358	1588
3034	1607	1585	3304
3303	1605	1607	3034
1605	1373	1606	1607
1607	1606	1374	1585
1601	1604	1583	1295
1294	1603	1604	1601
1603	3341	3087	1604
1604	3087	3342	1583
1598	1602	1580	1311
1310	1600	1602	1598
1600	1294	1601	1602
1602	1601	1295	1580
1595	1599	1577	1327
1326	1597	1599	1595
1597	1310	1598	1599
1599	1598	1311	1577
1592	1596	1574	1343
1342	1594	1596	1592
1594	1326	1595	1596
1596	1595	1327	1574
1589	1593	1571	1359
1358	1591	1593	1589
1591	1342	1592	1593
1593	1592	1343	1571
1586	1590	1568	1375
1374	1588	1590	1586
1588	1358	1589	1590
1590	1589	1359	1568
3035	1587	1565	3305
3304	1585	1587	3035
1585	1374	1586	1587
1587	1586	1375	1565
1581	1584	1563	1296
1295	1583	1584	1581
1583	3342	3085	1584
1584	3085	3343	1563
1578	1582	1560	1312
1311	1580	1582	1578
1580	1295	1581	1582
1582	1581	1296	1560
1575	1579	1557	1328
1327	1577	1579	1575
1577	1311	1578	1579
1579	1578	1312	1557
1572	1576	1554	1344
1343	1574	1576	1572
1574	1327	1575	1576
1576	1575	1328	1554
1569	1573	1551	1360
1359	1571	1573	1569
1571	1343	1572	1573
1573	1572	1344	1551
1566	1570	1548	1376
1375	1568	1570	1566
1568	1359	1569	1570
1570	1569	1360	1548
3036	1567	1545	3306
3305	1565	1567	3036
1565	1375	1566	1567
1567	1566	1376	1545
1561	1564	1543	1297
1296	1563	1564	1561
1563	3343	3083	1564
1564	3083	3344	1543
1558	1562	1540	1313
1312	1560	1562	1558
1560	1296	1561	1562
1562	1561	1297	1540
1555	1559	1537	1329
1328	1557	1559	1555
1557	1312	1558	1559
1559	1558	1313	1537
1552	1556	1534	1345
1344	1554	1556	1552
1554	1328	1555	1556
1556	1555	1329	1534
1549	1553	1531	1361
1360	1551	1553	1549
1551	1344	1552	1553
1553	1552	1345	1531
1546	1550	1528	1377
1376	1548	1550	1546
1548	1360	1549	1550
1550	1549	1361	1528
3037	1547	1525	3307
3306	1545	1547	3037
1545	1376	1546	1547
1547	1546	1377	1525
1541	1544	1523	1298
1297	1543	1544	1541
1543	3344	3081	1544
1544	3081	3345	1523
1538	1542	1520	1314
1313	1540	1542	1538
1540	1297	1541	1542
1542	1541	1298	1520
1535	1539	1517	1330
1329	1537	1539	1535
1537	1313	1538	1539
1539	1538	1314	1517
1532	1536	1514	1346
1345	1534	1536	1532
1534	1329	1535	1536
1536	1535	1330	1514
1529	1533	1511	1362
1361	1531	1533	1529
1531	1345	1532	1533
1533	1532	1346	1511
1526	1530	1508	1378
1377	1528	1530	1526
1528	1361	1529	1530
1530	1529	1362	1508
3038	1527	1505	3308
3307	1525	1527	3038
1525	1377	1526	1527
1527	1526	1378	1505
1521	1524	1503	1299
1298	1523	1524	1521
1523	3345	3079	1524
1524	3079	3346	1503
1518	1522	1500	1315
1314	1520	1522	1518
1520	1298	1521	1522
1522	1521	1299	1500
1515	1519	1497	1331
1330	1517	1519	1515
1517	1314	1518	1519
1519	1518	1315	1497
1512	1516	1494	1347
1346	1514	1516	1512
1514	1330	1515	1516
1516	1515	1331	1494
1509	1513	1491	1363
1362	1511	1513	1509
1511	1346	1512	1513
1513	1512	1347	1491
1506	1510	1488	1379
1378	1508	1510	1506
1508	1362	1509	1510
1510	1509	1363	1488
3039	1507	1485	3309
3308	1505	1507	3039
1505	1378	1506	1507
1507	1506	1379	1485
1501	1504	1483	1300
1299	1503	1504	1501
1503	3346	3077	1504
1504	3077	3347	1483
1498	1502	1480	1316
1315	1500	1502	1498
1500	1299	1501	1502
1502	1501	1300	1480
1495	1499	1477	1332
1331	1497	1499	1495
1497	1315	1498	1499
1499	1498	1316	1477
1492	1496	1474	1348
1347	1494	1496	1492
1494	1331	1495	1496
1496	1495	1332	1474
1489	1493	1471	1364
1363	1491	1493	1489
1491	1347	1492	1493
1493	1492	1348	1471
1486	1490	1468	1380
1379	1488	1490	1486
1488	1363	1489	1490
1490	1489	1364	1468
3040	1487	1465	3310
3309	1485	1487	3040
1485	1379	1486	1487
1487	1486	1380	1465
1481	1484	1463	1301
1300	1483	1484	1481
1483	3347	3075	1484
1484	3075	3348	1463
1478	1482	1460	1317
1316	1480	1482	1478
1480	1300	1481	1482
1482	1481	1301	1460
1475	1479	1457	1333
1332	1477	1479	1475
1477	1316	1478	1479
1479	1478	1317	1457
1472	1476	1454	1349
1348	1474	1476	1472
1474	1332	1475	1476
1476	1475	1333	1454
1469	1473	1451	1365
1364	1471	1473	1469
1471	1348	1472	1473
1473	1472	1349	1451
1466	1470	1448	1381
1380	1468	1470	1466
1468	1364	1469	1470
1470	1469	1365	1448
3041	1467	1445	3311
3310	1465	1467	3041
1465	1380	1466	1467
1467	1466	1381	1445
1461	1464	1443	1302
1301	1463	1464	1461
1463	3348	3073	1464
1464	3073	3349	1443
1458	1462	1440	1318
1317	1460	1462	1458
1460	1301	1461	1462
1462	1461	1302	1440
1455	1459	1437	1334
1333	1457	1459	1455
1457	1317	1458	1459
1459	1458	1318	1437
1452	1456	1434	1350
1349	1454	1456	1452
1454	1333	1455	1456
1456	1455	1334	1434
1449	1453	1431	1366
1365	1451	1453	1449
1451	1349	1452	1453
1453	1452	1350	1431
1446	1450	1428	1382
1381	1448	1450	1446
1448	1365	1449	1450
1450	1449	1366	1428
3042	1447	1425	3312
3311	1445	1447	3042
1445	1381	1446	1447
1447	1446	1382	1425
1441	1444	1423	1303
1302	1443	1444	1441
1443	3349	3071	1444
1444	3071	3350	1423
1438	1442	1420	1319
1318	1440	1442	1438
1440	1302	1441	1442
1442	1441	1303	1420
1435	1439	1417	1335
1334	1437	1439	1435
1437	1318	1438	1439
1439	1438	1319	1417
1432	1436	1414	1351
1350	1434	1436	1432
1434	1334	1435	1436
1436	1435	1335	1414
1429	1433	1411	1367
1366	1431	1433	1429
1431	1350	1432	1433
1433	1432	1351	1411
1426	1430	1408	1383
1382	1428	1430	1426
1428	1366	1429	1430
1430	1429	1367	1408
3043	1427	1405	3313
3312	1425	1427	3043
1425	1382	1426	1427
1427	1426	1383	1405
1421	1424	1403	1304
1303	1423	1424	1421
1423	3350	3069	1424
1424	3069	3351	1403
1418	1422	1400	1320
1319	1420	1422	1418
1420	1303	1421	1422
1422	1421	1304	1400
1415	1419	1397	1336
1335	1417	1419	1415
1417	1319	1418	1419
1419	1418	1320	1397
1412	1416	1394	1352
1351	1414	1416	1412
1414	1335	1415	1416
1416	1415	1336	1394
1409	1413	1391	1368
1367	1411	1413	1409
1411	1351	1412	1413
1413	1412	1352	1391
1406	1410	1388	1384
1383	1408	1410	1406
1408	1367	1409	1410
1410	1409	1368	1388
3044	1407	1385	3314
3313	1405	1407	3044
1405	1383	1406	1407
1407	1406	1384	1385
1401	1404	3045	3320
1304	1403	1404	1401
1403	3351	3067	1404
1404	3067	3533	3045
1398	1402	3046	3319
1320	1400	1402	1398
1400	1304	1401	1402
1402	1401	3320	3046
1395	1399	3047	3318
1336	1397	1399	1395
1397	1320	1398	1399
1399	1398	3319	3047
1392	1396	3048	3317
1352	1394	1396	1392
1394	1336	1395	1396
1396	1395	3318	3048
1389	1393	3049	3316
1368	1391	1393	1389
1391	1352	1392	1393
1393	1392	3317	3049
1386	1390	3050	3315
1384	1388	1390	1386
1388	1368	1389	1390
1390	1389	3316	3050
3052	1387	3051	3535
3314	1385	1387	3052
1385	1384	1386	1387
1387	1386	3315	3051
2144	2146	2132	1718
3509	3255	2146	2144
3255	3531	3029	2146
2146	3029	3299	2132
2142	2145	2129	1734
3510	3261	2145	2142
3261	3509	2144	2145
2145	2144	1718	2129
2140	2143	2126	1750
3511	3263	2143	2140
3263	3510	2142	2143
2143	2142	1734	2126
2138	2141	2123	1766
3512	3265	2141	2138
3265	3511	2140	2141
2141	2140	1750	2123
2136	2139	2120	1782
3513	3267	2139	2136
3267	3512	2138	2139
2139	2138	1766	2120
2134	2137	2117	1798
3514	3269	2137	2134
3269	3513	2136	2137
2137	2136	1782	2117
3217	2135	2114	3471
3530	3271	2135	3217
3271	3514	2134	2135
2135	2134	1798	2114
2130	2133	2112	1719
1718	2132	2133	2130
2132	3299	3030	2133
2133	3030	3300	2112
2127	2131	2109	1735
1734	2129	2131	2127
2129	1718	2130	2131
2131	2130	1719	2109
2124	2128	2106	1751
1750	2126	2128	2124
2126	1734	2127	2128
2128	2127	1735	2106
2121	2125	2103	1767
1766	2123	2125	2121
2123	1750	2124	2125
2125	2124	1751	2103
2118	2122	2100	1783
1782	2120	2122	2118
2120	1766	2121	2122
2122	2121	1767	2100
2115	2119	2097	1799
1798	2117	2119	2115
2117	1782	2118	2119
2119	2118	1783	2097
3219	2116	2094	3472
3471	2114	2116	3219
2114	1798	2115	2116
2116	2115	1799	2094
2110	2113	2092	1720
1719	2112	2113	2110
2112	3300	3031	2113
2113	3031	3301	2092
2107	2111	2089	1736
1735	2109	2111	2107
2109	1719	2110	2111
2111	2110	1720	2089
2104	2108	2086	1752
1751	2106	2108	2104
2106	1735	2107	2108
2108	2107	1736	2086
2101	2105	2083	1768
1767	2103	2105	2101
2103	1751	2104	2105
2105	2104	1752	2083
2098	2102	2080	1784
1783	2100	2102	2098
2100	1767	2101	2102
2102	2101	1768	2080
2095	2099	2077	1800
1799	2097	2099	2095
2097	1783	2098	2099
2099	2098	1784	2077
3221	2096	2074	3473
3472	2094	2096	3221
2094	1799	2095	2096
2096	2095	1800	2074
2090	2093	2072	1721
1720	2092	2093	2090
2092	3301	3032	2093
2093	3032	3302	2072
2087	2091	2069	1737
1736	2089	2091	2087
2089	1720	2090	2091
2091	2090	1721	2069
2084	2088	2066	1753
1752	2086	2088	2084
2086	1736	2087	2088
2088	2087	1737	2066
2081	2085	2063	1769
1768	2083	2085	2081
2083	1752	2084	2085
2085	2084	1753	2063
2078	2082	2060	1785
1784	2080	2082	2078
2080	1768	2081	2082
2082	2081	1769	2060
2075	2079	2057	1801
1800	2077	2079	2075
2077	1784	2078	2079
2079	2078	1785	2057
3223	2076	2054	3474
3473	2074	2076	3223
2074	1800	2075	2076
2076	2075	1801	2054
2070	2073	2052	1722
1721	2072	2073	2070
2072	3302	3033	2073
2073	3033	3303	2052
2067	2071	2049	1738
1737	2069	2071	2067
2069	1721	2070	2071
2071	2070	1722	2049
2064	2068	2046	1754
1753	2066	2068	2064
2066	1737	2067	2068
2068	2067	1738	2046
2061	2065	2043	1770
1769	2063	2065	2061
2063	1753	2064	2065
2065	2064	1754	2043
2058	2062	2040	1786
1785	2060	2062	2058
2060	1769	2061	2062
2062	2061	1770	2040
2055	2059	2037	1802
1801	2057	2059	2055
2057	1785	2058	2059
2059	2058	1786	2037
3225	2056	2034	3475
3474	2054	2056	3225
2054	1801	2055	2056
2056	2055	1802	2034
2050	2053	2032	1723
1722	2052	2053	2050
2052	3303	3034	2053
2053	3034	3304	2032
2047	2051	2029	1739
1738	2049	2051	2047
2049	1722	2050	2051
2051	2050	1723	2029
2044	2048	2026	1755
1754	2046	2048	2044
2046	1738	2047	2048
2048	2047	1739	2026
2041	2045	2023	1771
1770	2043	2045	2041
2043	1754	2044	2045
2045	2044	1755	2023
2038	2042	2020	1787
1786	2040	2042	2038
2040	1770	2041	2042
2042	2041	1771	2020
2035	2039	2017	1803
1802	2037	2039	2035
2037	1786	2038	2039
2039	2038	1787	2017
3227	2036	2014	3476
3475	2034	2036	3227
2034	1802	2035	2036
2036	2035	1803	2014
2030	2033	2012	1724
1723	2032	2033	2030
2032	3304	3035	2033
2033	3035	3305	2012
2027	2031	2009	1740
1739	2029	2031	2027
2029	1723	2030	2031
2031	2030	1724	2009
2024	2028	2006	1756
1755	2026	2028	2024
2026	1739	2027	2028
2028	2027	1740	2006
2021	2025	2003	1772
1771	2023	2025	2021
2023	1755	2024	2025
2025	2024	1756	2003
2018	2022	2000	1788
1787	2020	2022	2018
2020	1771	2021	2022
2022	2021	1772	2000
2015	2019	1997	1804
1803	2017	2019	2015
2017	1787	2018	2019
2019	2018	1788	1997
3229	2016	1994	3477
3476	2014	2016	3229
2014	1803	2015	2016
2016	2015	1804	1994
2010	2013	1992	1725
1724	2012	2013	2010
2012	3305	3036	2013
2013	3036	3306	1992
2007	2011	1989	1741
1740	2009	2011	2007
2009	1724	2010	2011
2011	2010	1725	1989
2004	2008	1986	1757
1756	2006	2008	2004
2006	1740	2007	2008
2008	2007	1741	1986
2001	2005	1983	1773
1772	2003	2005	2001
2003	1756	2004	2005
2005	2004	1757	1983
1998	2002	1980	1789
1788	2000	2002	1998
2000	1772	2001	2002
2002	2001	1773	1980
1995	1999	1977	1805
1804	1997	1999	1995
1997	1788	1998	1999
1999	1998	1789	1977
3231	1996	1974	3478
3477	1994	1996	3231
1994	1804	1995	1996
1996	1995	1805	1974
1990	1993	1972	1726
1725	1992	1993	1990
1992	3306	3037	1993
1993	3037	3307	1972
1987	1991	1969	1742
1741	1989	1991	1987
1989	1725	1990	1991
1991	1990	1726	1969
1984	1988	1966	1758
1757	1986	1988	1984
1986	1741	1987	1988
1988	1987	1742	1966
1981	1985	1963	1774
1773	1983	1985	1981
1983	1757	1984	1985
1985	1984	1758	1963
1978	1982	1960	1790
1789	1980	1982	1978
1980	1773	1981	1982
1982	1981	1774	1960
1975	1979	1957	1806
1805	1977	1979	1975
1977	1789	1978	1979
1979	1978	1790	1957
3233	1976	1954	3479
3478	1974	1976	3233
1974	1805	1975	1976
1976	1975	1806	1954
1970	1973	1952	1727
1726	1972	1973	1970
1972	3307	3038	1973
1973	3038	3308	1952
1967	1971	1949	1743
1742	1969	1971	1967
1969	1726	1970	1971
1971	1970	1727	1949
1964	1968	1946	1759
1758	1966	1968	1964
1966	1742	1967	1968
1968	1967	1743	1946
1961	1965	1943	1775
1774	1963	1965	1961
1963	1758	1964	1965
1965	1964	1759	1943
1958	1962	1940	1791
1790	1960	1962	1958
1960	1774	1961	1962
1962	1961	1775	1940
1955	1959	1937	1807
1806	1957	1959	1955
1957	1790	1958	1959
1959	1958	1791	1937
3235	1956	1934	3480
3479	1954	1956	3235
1954	1806	1955	1956
1956	1955	1807	1934
1950	1953	1932	1728
1727	1952	1953	1950
1952	3308	3039	1953
1953	3039	3309	1932
1947	1951	1929	1744
1743	1949	1951	1947
1949	1727	1950	1951
1951	1950	1728	1929
1944	1948	1926	1760
1759	1946	1948	1944
1946	1743	1947	1948
1948	1947	1744	1926
1941	1945	1923	1776
1775	1943	1945	1941
1943	1759	1944	1945
1945	1944	1760	1923
1938	1942	1920	1792
1791	1940	1942	1938
1940	1775	1941	1942
1942	1941	1776	1920
1935	1939	1917	1808
1807	1937	1939	1935
1937	1791	1938	1939
1939	1938	1792	1917
3237	1936	1914	3481
3480	1934	1936	3237
1934	1807	1935	1936
1936	1935	1808	1914
1930	1933	1912	1729
1728	1932	1933	1930
1932	3309	3040	1933
1933	3040	3310	1912
1927	1931	1909	1745
1744	1929	1931	1927
1929	1728	1930	1931
1931	1930	1729	1909
1924	1928	1906	1761
1760	1926	1928	1924
1926	1744	1927	1928
1928	1927	1745	1906
1921	1925	1903	1777
1776	1923	1925	1921
1923	1760	1924	1925
1925	1924	1761	1903
1918	1922	1900	1793
1792	1920	1922	1918
1920	1776	1921	1922
1922	1921	1777	1900
1915	1919	1897	1809
1808	1917	1919	1915
1917	1792	1918	1919
1919	1918	1793	1897
3239	1916	1894	3482
3481	1914	1916	3239
1914	1808	1915	1916
1916	1915	1809	1894
1910	1913	1892	1730
1729	1912	1913	1910
1912	3310	3041	1913
1913	3041	3311	1892
1907	1911	1889	1746
1745	1909	1911	1907
1909	1729	1910	1911
1911	1910	1730	1889
1904	1908	1886	1762
1761	1906	1908	1904
1906	1745	1907	1908
1908	1907	1746	1886
1901	1905	1883	1778
1777	1903	1905	1901
1903	1761	1904	1905
1905	1904	1762	1883
1898	1902	1880	1794
1793	1900	1902	1898
1900	1777	1901	1902
1902	1901	1778	1880
1895	1899	1877	1810
1809	1897	1899	1895
1897	1793	1898	1899
1899	1898	1794	1877
3241	1896	1874	3483
3482	1894	1896	3241
1894	1809	1895	1896
1896	1895	1810	1874
1890	1893	1872	1731
1730	1892	1893	1890
1892	3311	3042	1893
1893	3042	3312	1872
1887	1891	1869	1747
1746	1889	1891	1887
1889	1730	1890	1891
1891	1890	1731	1869
1884	1888	1866	1763
1762	1886	1888	1884
1886	1746	1887	1888
1888	1887	1747	1866
1881	1885	1863	1779
1778	1883	1885	1881
1883	1762	1884	1885
1885	1884	1763	1863
1878	1882	1860	1795
1794	1880	1882	1878
1880	1778	1881	1882
1882	1881	1779	1860
1875	1879	1857	1811
1810	1877	1879	1875
1877	1794	1878	1879
1879	1878	1795	1857
3243	1876	1854	3484
3483	1874	1876	3243
1874	1810	1875	1876
1876	1875	1811	1854
1870	1873	1852	1732
1731	1872	1873	1870
1872	3312	3043	1873
1873	3043	3313	1852
1867	1871	1849	1748
1747	1869	1871	1867
1869	1731	1870	1871
1871	1870	1732	1849
1864	1868	1846	1764
1763	1866	1868	1864
1866	1747	1867	1868
1868	1867	1748	1846
1861	1865	1843	1780
1779	1863	1865	1861
1863	1763	1864	1865
1865	1864	1764	1843
1858	1862	1840	1796
1795	1860	1862	1858
1860	1779	1861	1862
1862	1861	1780	1840
1855	1859	1837	1812
1811	1857	1859	1855
1857	1795	1858	1859
1859	1858	1796	1837
3245	1856	1834	3485
3484	1854	1856	3245
1854	1811	1855	1856
1856	1855	1812	1834
1850	1853	1832	1733
1732	1852	1853	1850
1852	3313	3044	1853
1853	3044	3314	1832
1847	1851	1829	1749
1748	1849	1851	1847
1849	1732	1850	1851
1851	1850	1733	1829
1844	1848	1826	1765
1764	1846	1848	1844
1846	1748	1847	1848
1848	1847	1749	1826
1841	1845	1823	1781
1780	1843	1845	1841
1843	1764	1844	1845
1845	1844	1765	1823
1838	1842	1820	1797
1796	1840	1842	1838
1840	1780	1841	1842
1842	1841	1781	1820
1835	1839	1817	1813
1812	1837	1839	1835
1837	1796	1838	1839
1839	1838	1797	1817
3247	1836	1814	3486
3485	1834	1836	3247
1834	1812	1835	1836
1836	1835	1813	1814
1830	1833	3022	3298
1733	1832	1833	1830
1832	3314	3052	1833
1833	3052	3535	3022
1827	1831	3023	3297
1749	1829	1831	1827
1829	1733	1830	1831
1831	1830	3298	3023
1824	1828	3024	3296
1765	1826	1828	1824
1826	1749	1827	1828
1828	1827	3297	3024
1821	1825	3025	3295
1781	1823	1825	1821
1823	1765	1824	1825
1825	1824	3296	3025
1818	1822	3026	3294
1797	1820	1822	1818
1820	1781	1821	1822
1822	1821	3295	3026
1815	1819	3027	3293
1813	1817	1819	1815
1817	1797	1818	1819
1819	1818	3294	3027
3249	1816	3028	3534
3486	1814	1816	3249
1814	1813	1815	1816
1816	1815	3293	3028
2573	2575	2541	2147
3371	3105	2575	2573
3105	3532	3155	2575
2575	3155	3411	2541
2571	2574	2538	2153
3372	3107	2574	2571
3107	3371	2573	2574
2574	2573	2147	2538
2569	2572	2535	2159
3373	3109	2572	2569
3109	3372	2571	2572
2572	2571	2153	2535
2567	2570	2532	2165
3374	3111	2570	2567
3111	3373	2569	2570
2570	2569	2159	2532
2565	2568	2529	2171
3375	3113	2568	2565
3113	3374	2567	2568
2568	2567	2165	2529
2563	2566	2526	2177
3376	3115	2566	2563
3115	3375	2565	2566
2566	2565	2171	2526
2561	2564	2523	2183
3377	3117	2564	2561
3117	3376	2563	2564
2564	2563	2177	2523
2559	2562	2520	2189
3378	3119	2562	2559
3119	3377	2561	2562
2562	2561	2183	2520
2557	2560	2517	2195
3379	3121	2560	2557
3121	3378	2559	2560
2560	2559	2189	2517
2555	2558	2514	2201
3380	3123	2558	2555
3123	3379	2557	2558
2558	2557	2195	2514
2553	2556	2511	2207
3381	3125	2556	2553
3125	3380	2555	2556
2556	2555	2201	2511
2551	2554	2508	2213
3382	3127	2554	2551
3127	3381	2553	2554
2554	2553	2207	2508
2549	2552	2505	2219
3383	3129	2552	2549
3129	3382	2551	2552
2552	2551	2213	2505
2547	2550	2502	2225
3384	3131	2550	2547
3131	3383	2549	2550
2550	2549	2219	2502
2545	2548	2499	2231
3385	3133	2548	2545
3133	3384	2547	2548
2548	2547	2225	2499
2543	2546	2496	2237
3386	3135	2546	2543
3135	3385	2545	2546
2546	2545	2231	2496
3045	2544	2493	3320
3533	3137	2544	3045
3137	3386	2543	2544
2544	2543	2237	2493
2539	2542	2491	2148
2147	2541	2542	2539
2541	3411	3153	2542
2542	3153	3410	2491
2536	2540	2488	2154
2153	2538	2540	2536
2538	2147	2539	2540
2540	2539	2148	2488
2533	2537	2485	2160
2159	2535	2537	2533
2535	2153	2536	2537
2537	2536	2154	2485
2530	2534	2482	2166
2165	2532	2534	2530
2532	2159	2533	2534
2534	2533	2160	2482
2527	2531	2479	2172
2171	2529	2531	2527
2529	2165	2530	2531
2531	2530	2166	2479
2524	2528	2476	2178
2177	2526	2528	2524
2526	2171	2527	2528
2528	2527	2172	2476
2521	2525	2473	2184
2183	2523	2525	2521
2523	2177	2524	2525
2525	2524	2178	2473
2518	2522	2470	2190
2189	2520	2522	2518
2520	2183	2521	2522
2522	2521	2184	2470
2515	2519	2467	2196
2195	2517	2519	2515
2517	2189	2518	2519
2519	2518	2190	2467
2512	2516	2464	2202
2201	2514	2516	2512
2514	2195	2515	2516
2516	2515	2196	2464
2509	2513	2461	2208
2207	2511	2513	2509
2511	2201	2512	2513
2513	2512	2202	2461
2506	2510	2458	2214
2213	2508	2510	2506
2508	2207	2509	2510
2510	2509	2208	2458
2503	2507	2455	2220
2219	2505	2507	2503
2505	2213	2506	2507
2507	2506	2214	2455
2500	2504	2452	2226
2225	2502	2504	2500
2502	2219	2503	2504
2504	2503	2220	2452
2497	2501	2449	2232
2231	2499	2501	2497
2499	2225	2500	2501
2501	2500	2226	2449
2494	2498	2446	2238
2237	2496	2498	2494
2496	2231	2497	2498
2498	2497	2232	2446
3046	2495	2443	3319
3320	2493	2495	3046
2493	2237	2494	2495
2495	2494	2238	2443
2489	2492	2441	2149
2148	2491	2492	2489
2491	3410	3151	2492
2492	3151	3409	2441
2486	2490	2438	2155
2154	2488	2490	2486
2488	2148	2489	2490
2490	2489	2149	2438
2483	2487	2435	2161
2160	2485	2487	2483
2485	2154	2486	2487
2487	2486	2155	2435
2480	2484	2432	2167
2166	2482	2484	2480
2482	2160	2483	2484
2484	2483	2161	2432
2477	2481	2429	2173
2172	2479	2481	2477
2479	2166	2480	2481
2481	2480	2167	2429
2474	2478	2426	2179
2178	2476	2478	2474
2476	2172	2477	2478
2478	2477	2173	2426
2471	2475	2423	2185
2184	2473	2475	2471
2473	2178	2474	2475
2475	2474	2179	2423
2468	2472	2420	2191
2190	2470	2472	2468
2470	2184	2471	2472
2472	2471	2185	2420
2465	2469	2417	2197
2196	2467	2469	2465
2467	2190	2468	2469
2469	2468	2191	2417
2462	2466	2414	2203
2202	2464	2466	2462
2464	2196	2465	2466
2466	2465	2197	2414
2459	2463	2411	2209
2208	2461	2463	2459
2461	2202	2462	2463
2463	2462	2203	2411
2456	2460	2408	2215
2214	2458	2460	2456
2458	2208	2459	2460
2460	2459	2209	2408
2453	2457	2405	2221
2220	2455	2457	2453
2455	2214	2456	2457
2457	2456	2215	2405
2450	2454	2402	2227
2226	2452	2454	2450
2452	2220	2453	2454
2454	2453	2221	2402
2447	2451	2399	2233
2232	2449	2451	2447
2449	2226	2450	2451
2451	2450	2227	2399
2444	2448	2396	2239
2238	2446	2448	2444
2446	2232	2447	2448
2448	2447	2233	2396
3047	2445	2393	3318
3319	2443	2445	3047
2443	2238	2444	2445
2445	2444	2239	2393
2439	2442	2391	2150
2149	2441	2442	2439
2441	3409	3149	2442
2442	3149	3408	2391
2436	2440	2388	2156
2155	2438	2440	2436
2438	2149	2439	2440
2440	2439	2150	2388
2433	2437	2385	2162
2161	2435	2437	2433
2435	2155	2436	2437
2437	2436	2156	2385
2430	2434	2382	2168
2167	2432	2434	2430
2432	2161	2433	2434
2434	2433	2162	2382
2427	2431	2379	2174
2173	2429	2431	2427
2429	2167	2430	2431
2431	2430	2168	2379
2424	2428	2376	2180
2179	2426	2428	2424
2426	2173	2427	2428
2428	2427	2174	2376
2421	2425	2373	2186
2185	2423	2425	2421
2423	2179	2424	2425
2425	2424	2180	2373
2418	2422	2370	2192
2191	2420	2422	2418
2420	2185	2421	2422
2422	2421	2186	2370
2415	2419	2367	2198
2197	2417	2419	2415
2417	2191	2418	2419
2419	2418	2192	2367
2412	2416	2364	2204
2203	2414	2416	2412
2414	2197	2415	2416
2416	2415	2198	2364
2409	2413	2361	2210
2209	2411	2413	2409
2411	2203	2412	2413
2413	2412	2204	2361
2406	2410	2358	2216
2215	2408	2410	2406
2408	2209	2409	2410
2410	2409	2210	2358
2403	2407	2355	2222
2221	2405	2407	2403
2405	2215	2406	2407
2407	2406	2216	2355
2400	2404	2352	2228
2227	2402	2404	2400
2402	2221	2403	2404
2404	2403	2222	2352
2397	2401	2349	2234
2233	2399	2401	2397
2399	2227	2400	2401
2401	2400	2228	2349
2394	2398	2346	2240
2239	2396	2398	2394
2396	2233	2397	2398
2398	2397	2234	2346
3048	2395	2343	3317
3318	2393	2395	3048
2393	2239	2394	2395
2395	2394	2240	2343
2389	2392	2341	2151
2150	2391	2392	2389
2391	3408	3147	2392
2392	3147	3407	2341
2386	2390	2338	2157
2156	2388	2390	2386
2388	2150	2389	2390
2390	2389	2151	2338
2383	2387	2335	2163
2162	2385	2387	2383
2385	2156	2386	2387
2387	2386	2157	2335
2380	2384	2332	2169
2168	2382	2384	2380
2382	2162	2383	2384
2384	2383	2163	2332
2377	2381	2329	2175
2174	2379	2381	2377
2379	2168	2380	2381
2381	2380	2169	2329
2374	2378	2326	2181
2180	2376	2378	2374
2376	2174	2377	2378
2378	2377	2175	2326
2371	2375	2323	2187
2186	2373	2375	2371
2373	2180	2374	2375
2375	2374	2181	2323
2368	2372	2320	2193
2192	2370	2372	2368
2370	2186	2371	2372
2372	2371	2187	2320
2365	2369	2317	2199
2198	2367	2369	2365
2367	2192	2368	2369
2369	2368	2193	2317
2362	2366	2314	2205
2204	2364	2366	2362
2364	2198	2365	2366
2366	2365	2199	2314
2359	2363	2311	2211
2210	2361	2363	2359
2361	2204	2362	2363
2363	2362	2205	2311
2356	2360	2308	2217
2216	2358	2360	2356
2358	2210	2359	2360
2360	2359	2211	2308
2353	2357	2305	2223
2222	2355	2357	2353
2355	2216	2356	2357
2357	2356	2217	2305
2350	2354	2302	2229
2228	2352	2354	2350
2352	2222	2353	2354
2354	2353	2223	2302
2347	2351	2299	2235
2234	2349	2351	2347
2349	2228	2350	2351
2351	2350	2229	2299
2344	2348	2296	2241
2240	2346	2348	2344
2346	2234	2347	2348
2348	2347	2235	2296
3049	2345	2293	3316
3317	2343	2345	3049
2343	2240	2344	2345
2345	2344	2241	2293
2339	2342	2291	2152
2151	2341	2342	2339
2341	3407	3145	2342
2342	3145	3406	2291
2336	2340	2288	2158
2157	2338	2340	2336
2338	2151	2339	2340
2340	2339	2152	2288
2333	2337	2285	2164
2163	2335	2337	2333
2335	2157	2336	2337
2337	2336	2158	2285
2330	2334	2282	2170
2169	2332	2334	2330
2332	2163	2333	2334
2334	2333	2164	2282
2327	2331	2279	2176
2175	2329	2331	2327
2329	2169	2330	2331
2331	2330	2170	2279
2324	2328	2276	2182
2181	2326	2328	2324
2326	2175	2327	2328
2328	2327	2176	2276
2321	2325	2273	2188
2187	2323	2325	2321
2323	2181	2324	2325
2325	2324	2182	2273
2318	2322	2270	2194
2193	2320	2322	2318
2320	2187	2321	2322
2322	2321	2188	2270
2315	2319	2267	2200
2199	2317	2319	2315
2317	2193	2318	2319
2319	2318	2194	2267
2312	2316	2264	2206
2205	2314	2316	2312
2314	2199	2315	2316
2316	2315	2200	2264
2309	2313	2261	2212
2211	2311	2313	2309
2311	2205	2312	2313
2313	2312	2206	2261
2306	2310	2258	2218
2217	2308	2310	2306
2308	2211	2309	2310
2310	2309	2212	2258
2303	2307	2255	2224
2223	2305	2307	2303
2305	2217	2306	2307
2307	2306	2218	2255
2300	2304	2252	2230
2229	2302	2304	2300
2302	2223	2303	2304
2304	2303	2224	2252
2297	2301	2249	2236
2235	2299	2301	2297
2299	2229	2300	2301
2301	2300	2230	2249
2294	2298	2246	2242
2241	2296	2298	2294
2296	2235	2297	2298
2298	2297	2236	2246
3050	2295	2243	3315
3316	2293	2295	3050
2293	2241	2294	2295
2295	2294	2242	2243
2289	2292	3021	3292
2152	2291	2292	2289
2291	3406	3143	2292
2292	3143	3537	3021
2286	2290	3020	3291
2158	2288	2290	2286
2288	2152	2289	2290
2290	2289	3292	3020
2283	2287	3019	3290
2164	2285	2287	2283
2285	2158	2286	2287
2287	2286	3291	3019
2280	2284	3018	3289
2170	2282	2284	2280
2282	2164	2283	2284
2284	2283	3290	3018
2277	2281	3017	3288
2176	2279	2281	2277
2279	2170	2280	2281
2281	2280	3289	3017
2274	2278	3016	3287
2182	2276	2278	2274
2276	2176	2277	2278
2278	2277	3288	3016
2271	2275	3015	3286
2188	2273	2275	2271
2273	2182	2274	2275
2275	2274	3287	3015
2268	2272	3014	3285
2194	2270	2272	2268
2270	2188	2271	2272
2272	2271	3286	3014
2265	2269	3013	3284
2200	2267	2269	2265
2267	2194	2268	2269
2269	2268	3285	3013
2262	2266	3012	3283
2206	2264	2266	2262
2264	2200	2265	2266
2266	2265	3284	3012
2259	2263	3011	3282
2212	2261	2263	2259
2261	2206	2262	2263
2263	2262	3283	3011
2256	2260	3010	3281
2218	2258	2260	2256
2258	2212	2259	2260
2260	2259	3282	3010
2253	2257	3009	3280
2224	2255	2257	2253
2255	2218	2256	2257
2257	2256	3281	3009
2250	2254	3008	3279
2230	2252	2254	2250
2252	2224	2253	2254
2254	2253	3280	3008
2247	2251	3007	3278
2236	2249	2251	2247
2249	2230	2250	2251
2251	2250	3279	3007
2244	2248	3006	3277
2242	2246	2248	2244
2246	2236	2247	2248
2248	2247	3278	3006
3051	2245	3005	3535
3315	2243	2245	3051
2243	2242	2244	2245
2245	2244	3277	3005
3002	3004	2990	2576
3298	3022	3004	3002
3022	3535	3005	3004
3004	3005	3277	2990
3000	3003	2987	2592
3297	3023	3003	3000
3023	3298	3002	3003
3003	3002	2576	2987
2998	3001	2984	2608
3296	3024	3001	2998
3024	3297	3000	3001
3001	3000	2592	2984
2996	2999	2981	2624
3295	3025	2999	2996
3025	3296	2998	2999
2999	2998	2608	2981
2994	2997	2978	2640
3294	3026	2997	2994
3026	3295	2996	2997
2997	2996	2624	2978
2992	2995	2975	2656
3293	3027	2995	2992
3027	3294	2994	2995
2995	2994	2640	2975
3179	2993	2972	3451
3534	3028	2993	3179
3028	3293	2992	2993
2993	2992	2656	2972
2988	2991	2970	2577
2576	2990	2991	2988
2990	3277	3006	2991
2991	3006	3278	2970
2985	2989	2967	2593
2592	2987	2989	2985
2987	2576	2988	2989
2989	2988	2577	2967
2982	2986	2964	2609
2608	2984	2986	2982
2984	2592	2985	2986
2986	2985	2593	2964
2979	2983	2961	2625
2624	2981	2983	2979
2981	2608	2982	2983
2983	2982	2609	2961
2976	2980	2958	2641
2640	2978	2980	2976
2978	2624	2979	2980
2980	2979	2625	2958
2973	2977	2955	2657
2656	2975	2977	2973
2975	2640	2976	2977
2977	2976	2641	2955
3181	2974	2952	3450
3451	2972	2974	3181
2972	2656	2973	2974
2974	2973	2657	2952
2968	2971	2950	2578
2577	2970	2971	2968
2970	3278	3007	2971
2971	3007	3279	2950
2965	2969	2947	2594
2593	2967	2969	2965
2967	2577	2968	2969
2969	2968	2578	2947
2962	2966	2944	2610
2609	2964	2966	2962
2964	2593	2965	2966
2966	2965	2594	2944
2959	2963	2941	2626
2625	2961	2963	2959
2961	2609	2962	2963
2963	2962	2610	2941
2956	2960	2938	2642
2641	2958	2960	2956
2958	2625	2959	2960
2960	2959	2626	2938
2953	2957	2935	2658
2657	2955	2957	2953
2955	2641	2956	2957
2957	2956	2642	2935
3183	2954	2932	3449
3450	2952	2954	3183
2952	2657	2953	2954
2954	2953	2658	2932
2948	2951	2930	2579
2578	2950	2951	2948
2950	3279	3008	2951
2951	3008	3280	2930
2945	2949	2927	2595
2594	2947	2949	2945
2947	2578	2948	2949
2949	2948	2579	2927
2942	2946	2924	2611
2610	2944	2946	2942
2944	2594	2945	2946
2946	2945	2595	2924
2939	2943	2921	2627
2626	2941	2943	2939
2941	2610	2942	2943
2943	2942	2611	2921
2936	2940	2918	2643
2642	2938	2940	2936
2938	2626	2939	2940
2940	2939	2627	2918
2933	2937	2915	2659
2658	2935	2937	2933
2935	2642	2936	2937
2937	2936	2643	2915
3185	2934	2912	3448
3449	2932	2934	3185
2932	2658	2933	2934
2934	2933	2659	2912
2928	2931	2910	2580
2579	2930	2931	2928
2930	3280	3009	2931
2931	3009	3281	2910
2925	2929	2907	2596
2595	2927	2929	2925
2927	2579	2928	2929
2929	2928	2580	2907
2922	2926	2904	2612
2611	2924	2926	2922
2924	2595	2925	2926
2926	2925	2596	2904
2919	2923	2901	2628
2627	2921	2923	2919
2921	2611	2922	2923
2923	2922	2612	2901
2916	2920	2898	2644
2643	2918	2920	2916
2918	2627	2919	2920
2920	2919	2628	2898
2913	2917	2895	2660
2659	2915	2917	2913
2915	2643	2916	2917
2917	2916	2644	2895
3187	2914	2892	3447
3448	2912	2914	3187
2912	2659	2913	2914
2914	2913	2660	2892
2908	2911	2890	2581
2580	2910	2911	2908
2910	3281	3010	2911
2911	3010	3282	2890
2905	2909	2887	2597
2596	2907	2909	2905
2907	2580	2908	2909
2909	2908	2581	2887
2902	2906	2884	2613
2612	2904	2906	2902
2904	2596	2905	2906
2906	2905	2597	2884
2899	2903	2881	2629
2628	2901	2903	2899
2901	2612	2902	2903
2903	2902	2613	2881
2896	2900	2878	2645
2644	2898	2900	2896
2898	2628	2899	2900
2900	2899	2629	2878
2893	2897	2875	2661
2660	2895	2897	2893
2895	2644	2896	2897
2897	2896	2645	2875
3189	2894	2872	3446
3447	2892	2894	3189
2892	2660	2893	2894
2894	2893	2661	2872
2888	2891	2870	2582
2581	2890	2891	2888
2890	3282	3011	2891
2891	3011	3283	2870
2885	2889	2867	2598
2597	2887	2889	2885
2887	2581	2888	2889
2889	2888	2582	2867
2882	2886	2864	2614
2613	2884	2886	2882
2884	2597	2885	2886
2886	2885	2598	2864
2879	2883	2861	2630
2629	2881	2883	2879
2881	2613	2882	2883
2883	2882	2614	2861
2876	2880	2858	2646
2645	2878	2880	2876
2878	2629	2879	2880
2880	2879	2630	2858
2873	2877	2855	2662
2661	2875	2877	2873
2875	2645	2876	2877
2877	2876	2646	2855
3191	2874	2852	3445
3446	2872	2874	3191
2872	2661	2873	2874
2874	2873	2662	2852
2868	2871	2850	2583
2582	2870	2871	2868
2870	3283	3012	2871
2871	3012	3284	2850
2865	2869	2847	2599
2598	2867	2869	2865
2867	2582	2868	2869
2869	2868	2583	2847
2862	2866	2844	2615
2614	2864	2866	2862
2864	2598	2865	2866
2866	2865	2599	2844
2859	2863	2841	2631
2630	2861	2863	2859
2861	2614	2862	2863
2863	2862	2615	2841
2856	2860	2838	2647
2646	2858	2860	2856
2858	2630	2859	2860
2860	2859	2631	2838
2853	2857	2835	2663
2662	2855	2857	2853
2855	2646	2856	2857
2857	2856	2647	2835
3193	2854	2832	3444
3445	2852	2854	3193
2852	2662	2853	2854
2854	2853	2663	2832
2848	2851	2830	2584
2583	2850	2851	2848
2850	3284	3013	2851
2851	3013	3285	2830
2845	2849	2827	2600
2599	2847	2849	2845
2847	2583	2848	2849
2849	2848	2584	2827
2842	2846	2824	2616
2615	2844	2846	2842
2844	2599	2845	2846
2846	2845	2600	2824
2839	2843	2821	2632
2631	2841	2843	2839
2841	2615	2842	2843
2843	2842	2616	2821
2836	2840	2818	2648
2647	2838	2840	2836
2838	2631	2839	2840
2840	2839	2632	2818
2833	2837	2815	2664
2663	2835	2837	2833
2835	2647	2836	2837
2837	2836	2648	2815
3195	2834	2812	3443
3444	2832	2834	3195
2832	2663	2833	2834
2834	2833	2664	2812
2828	2831	2810	2585
2584	2830	2831	2828
2830	3285	3014	2831
2831	3014	3286	2810
2825	2829	2807	2601
2600	2827	2829	2825
2827	2584	2828	2829
2829	2828	2585	2807
2822	2826	2804	2617
2616	2824	2826	2822
2824	2600	2825	2826
2826	2825	2601	2804
2819	2823	2801	2633
2632	2821	2823	2819
2821	2616	2822	2823
2823	2822	2617	2801
2816	2820	2798	2649
2648	2818	2820	2816
2818	2632	2819	2820
2820	2819	2633	2798
2813	2817	2795	2665
2664	2815	2817	2813
2815	2648	2816	2817
2817	2816	2649	2795
3197	2814	2792	3442
3443	2812	2814	3197
2812	2664	2813	2814
2814	2813	2665	2792
2808	2811	2790	2586
2585	2810	2811	2808
2810	3286	3015	2811
2811	3015	3287	2790
2805	2809	2787	2602
2601	2807	2809	2805
2807	2585	2808	2809
2809	2808	2586	2787
2802	2806	2784	2618
2617	2804	2806	2802
2804	2601	2805	2806
2806	2805	2602	2784
2799	2803	2781	2634
2633	2801	2803	2799
2801	2617	2802	2803
2803	2802	2618	2781
2796	2800	2778	2650
2649	2798	2800	2796
2798	2633	2799	2800
2800	2799	2634	2778
2793	2797	2775	2666
2665	2795	2797	2793
2795	2649	2796	2797
2797	2796	2650	2775
3199	2794	2772	3441
3442	2792	2794	3199
2792	2665	2793	2794
2794	2793	2666	2772
2788	2791	2770	2587
2586	2790	2791	2788
2790	3287	3016	2791
2791	3016	3288	2770
2785	2789	2767	2603
2602	2787	2789	2785
2787	2586	2788	2789
2789	2788	2587	2767
2782	2786	2764	2619
2618	2784	2786	2782
2784	2602	2785	2786
2786	2785	2603	2764
2779	2783	2761	2635
2634	2781	2783	2779
2781	2618	2782	2783
2783	2782	2619	2761
2776	2780	2758	2651
2650	2778	2780	2776
2778	2634	2779	2780
2780	2779	2635	2758
2773	2777	2755	2667
2666	2775	2777	2773
2775	2650	2776	2777
2777	2776	2651	2755
3201	2774	2752	3440
3441	2772	2774	3201
2772	2666	2773	2774
2774	2773	2667	2752
2768	2771	2750	2588
2587	2770	2771	2768
2770	3288	3017	2771
2771	3017	3289	2750
2765	2769	2747	2604
2603	2767	2769	2765
2767	2587	2768	2769
2769	2768	2588	2747
2762	2766	2744	2620
2619	2764	2766	2762
2764	2603	2765	2766
2766	2765	2604	2744
2759	2763	2741	2636
2635	2761	2763	2759
2761	2619	2762	2763
2763	2762	2620	2741
2756	2760	2738	2652
2651	2758	2760	2756
2758	2635	2759	2760
2760	2759	2636	2738
2753	2757	2735	2668
2667	2755	2757	2753
2755	2651	2756	2757
2757	2756	2652	2735
3203	2754	2732	3439
3440	2752	2754	3203
2752	2667	2753	2754
2754	2753	2668	2732
2748	2751	2730	2589
2588	2750	2751	2748
2750	3289	3018	2751
2751	3018	3290	2730
2745	2749	2727	2605
2604	2747	2749	2745
2747	2588	2748	2749
2749	2748	2589	2727
2742	2746	2724	2621
2620	2744	2746	2742
2744	2604	2745	2746
2746	2745	2605	2724
2739	2743	2721	2637
2636	2741	2743	2739
2741	2620	2742	2743
2743	2742	2621	2721
2736	2740	2718	2653
2652	2738	2740	2736
2738	2636	2739	2740
2740	2739	2637	2718
2733	2737	2715	2669
2668	2735	2737	2733
2735	2652	2736	2737
2737	2736	2653	2715
3205	2734	2712	3438
3439	2732	2734	3205
2732	2668	2733	2734
2734	2733	2669	2712
2728	2731	2710	2590
2589	2730	2731	2728
2730	3290	3019	2731
2731	3019	3291	2710
2725	2729	2707	2606
2605	2727	2729	2725
2727	2589	2728	2729
2729	2728	2590	2707
2722	2726	2704	2622
2621	2724	2726	2722
2724	2605	2725	2726
2726	2725	2606	2704
2719	2723	2701	2638
2637	2721	2723	2719
2721	2621	2722	2723
2723	2722	2622	2701
2716	2720	2698	2654
2653	2718	2720	2716
2718	2637	2719	2720
2720	2719	2638	2698
2713	2717	2695	2670
2669	2715	2717	2713
2715	2653	2716	2717
2717	2716	2654	2695
3207	2714	2692	3437
3438	2712	2714	3207
2712	2669	2713	2714
2714	2713	2670	2692
2708	2711	2690	2591
2590	2710	2711	2708
2710	3291	3020	2711
2711	3020	3292	2690
2705	2709	2687	2607
2606	2707	2709	2705
2707	2590	2708	2709
2709	2708	2591	2687
2702	2706	2684	2623
2622	2704	2706	2702
2704	2606	2705	2706
2706	2705	2607	2684
2699	2703	2681	2639
2638	2701	2703	2699
2701	2622	2702	2703
2703	2702	2623	2681
2696	2700	2678	2655
2654	2698	2700	2696
2698	2638	2699	2700
2700	2699	2639	2678
2693	2697	2675	2671
2670	2695	2697	2693
2695	2654	2696	2697
2697	2696	2655	2675
3209	2694	2672	3436
3437	2692	2694	3209
2692	2670	2693	2694
2694	2693	2671	2672
2688	2691	3173	3421
2591	2690	2691	2688
2690	3292	3021	2691
2691	3021	3537	3173
2685	2689	3171	3422
2607	2687	2689	2685
2687	2591	2688	2689
2689	2688	3421	3171
2682	2686	3169	3423
2623	2684	2686	2682
2684	2607	2685	2686
2686	2685	3422	3169
2679	2683	3167	3424
2639	2681	2683	2679
2681	2623	2682	2683
2683	2682	3423	3167
2676	2680	3165	3425
2655	2678	2680	2676
2678	2639	2679	2680
2680	2679	3424	3165
2673	2677	3163	3426
2671	2675	2677	2673
2675	2655	2676	2677
2677	2676	3425	3163
3211	2674	3161	3536
3436	2672	2674	3211
2672	2671	2673	2674
2674	2673	3426	3161
